# minOrder=0, maxOrder=4
6.000000000000000000e+01 3.684447725877419422e-01 4.699619186654491187e-01 2.911721794796665735e-02 4.174977861152867620e-02 9.518883643145310131e-03
6.500000000000000000e+01 3.565786734918297007e-01 4.796176461058714868e-01 3.915928661477226930e-02 4.020517004705790459e-02 9.531885657920260296e-03
7.000000000000000000e+01 3.405081445449507083e-01 4.866393671545195532e-01 5.071937116508140608e-02 3.853263876320925374e-02 9.940115658909119342e-03
7.500000000000000000e+01 3.156358122921499310e-01 4.800961847476893918e-01 6.136826249468788075e-02 3.623799934992147365e-02 1.086275066944526746e-02
8.000000000000000000e+01 2.992884880551673898e-01 4.867947082291795846e-01 7.454285753386506730e-02 3.497774674756544411e-02 1.254006920179332775e-02
8.500000000000000000e+01 2.804655184499316167e-01 4.856866238336083885e-01 8.916113315249760141e-02 3.108169719236994477e-02 1.383261672075642920e-02
9.000000000000000000e+01 2.634492551774071933e-01 4.871378481432920293e-01 1.041206503503603331e-01 2.825086364297770686e-02 1.615043339911845233e-02
9.500000000000000000e+01 2.483075830087791702e-01 4.884910814238116461e-01 1.210570601663930879e-01 2.561029705961224284e-02 1.859360298513750009e-02
1.000000000000000000e+02 2.331079127945259732e-01 4.878346651181091342e-01 1.378518198526844651e-01 2.303934230821055168e-02 2.111008115465074636e-02
1.050000000000000000e+02 2.172938698267266044e-01 4.863626104444774834e-01 1.545691532582106342e-01 2.010476314458538999e-02 2.398806581519088640e-02
1.100000000000000000e+02 2.021117180940837366e-01 4.796037086128420168e-01 1.742361675070746019e-01 1.599055788555221735e-02 2.484933227962653896e-02
1.150000000000000000e+02 1.851179208541226529e-01 4.730240688029180296e-01 1.903759721811776329e-01 1.435512628760182187e-02 2.811769247408685626e-02
1.200000000000000000e+02 1.688615756591613226e-01 4.645174655427689592e-01 2.080596145180112211e-01 1.227039040827322333e-02 2.976892279487526258e-02
1.250000000000000000e+02 1.528316021328115504e-01 4.524255743093556492e-01 2.240574558343630673e-01 1.129119398312370716e-02 3.259733877794022266e-02
1.300000000000000000e+02 1.371952158450996107e-01 4.381721968857295035e-01 2.386756515056065453e-01 1.059456872119386717e-02 3.445391967444372955e-02
1.350000000000000000e+02 1.225833988902456512e-01 4.211080930688912982e-01 2.526527422432519598e-01 1.057253691779438259e-02 3.568160406727685641e-02
1.400000000000000000e+02 1.071304456785691084e-01 4.023138175769558345e-01 2.629004237797468724e-01 1.119756201658600285e-02 3.707746559646359075e-02
1.450000000000000000e+02 9.438894799383527878e-02 3.799673296644607290e-01 2.723084575839138655e-01 1.266904500346227591e-02 3.672358308358007056e-02
1.500000000000000000e+02 8.144794089837206763e-02 3.555122628311083721e-01 2.779259170730120632e-01 1.487205230403573081e-02 3.625787482924790195e-02
1.550000000000000000e+02 6.930325226799013971e-02 3.307117517626614323e-01 2.811246515852323657e-01 1.692210822474054382e-02 3.517124244813844836e-02
1.600000000000000000e+02 5.719061296289028318e-02 3.043606809562695026e-01 2.804798440110638502e-01 1.956981167507970340e-02 3.393542558713952273e-02
1.650000000000000000e+02 4.738063455983231032e-02 2.765950397113131620e-01 2.762840693126458191e-01 2.302564144063135379e-02 3.307400645565062441e-02
1.700000000000000000e+02 3.838537231194399935e-02 2.495467450301342427e-01 2.699789680576286099e-01 2.603718800497962366e-02 3.034693217654235373e-02
1.750000000000000000e+02 3.067616174247546693e-02 2.230113546720163820e-01 2.610153576145435861e-01 2.982741248135799966e-02 2.802835285398744269e-02
1.800000000000000000e+02 2.384130687336378368e-02 1.984255588525947189e-01 2.511103580461176987e-01 3.293038574308658484e-02 2.549827234227434319e-02
1.850000000000000000e+02 1.906768436823299412e-02 1.752720690759665134e-01 2.393490273984496541e-01 3.705611055200969811e-02 2.246380907254116530e-02
1.900000000000000000e+02 1.431601516463755150e-02 1.546962199122550174e-01 2.287879577609452098e-01 3.941659414276516699e-02 2.058479139567274963e-02
1.950000000000000000e+02 1.108700574187574533e-02 1.361123342287323124e-01 2.174124965247646868e-01 4.332982577026502080e-02 1.877898437780415458e-02
2.000000000000000000e+02 8.573575984152502494e-03 1.200032658007380987e-01 2.061018279176848322e-01 4.834980644525849192e-02 1.562604744659294373e-02
2.050000000000000000e+02 6.327176608725349968e-03 1.060790796135109848e-01 1.973474519451394738e-01 5.160562107976667673e-02 1.436647379966982802e-02
2.100000000000000000e+02 4.443329226016907649e-03 9.423852474993058004e-02 1.902630312239863009e-01 5.402136729188559278e-02 1.315191022759726151e-02
2.150000000000000000e+02 3.291724477343573735e-03 8.350180449214854306e-02 1.822871477690668762e-01 5.733453444123090548e-02 1.222743245885123467e-02
2.200000000000000000e+02 2.520526218537330956e-03 7.448588016632073927e-02 1.758541798487613383e-01 6.238698894872628242e-02 1.072990403698198016e-02
2.250000000000000000e+02 1.852158703694830721e-03 6.604789610497696639e-02 1.694177374368164291e-01 6.748896178993535333e-02 9.937706485751466104e-03
2.300000000000000000e+02 1.441878734027820684e-03 5.889380388812025247e-02 1.639851271287899870e-01 7.107049679580357271e-02 9.196240333083903831e-03
2.350000000000000000e+02 1.222062297941686401e-03 5.289303704976035941e-02 1.597641105423147079e-01 7.526007334090006884e-02 8.804464669827323509e-03
2.400000000000000000e+02 1.153872201779688024e-03 4.741208508628932949e-02 1.550226559672326088e-01 7.980875659091936358e-02 8.441442563021371234e-03
2.450000000000000000e+02 1.228710327729669403e-03 4.182944126152376985e-02 1.486643548763109945e-01 8.572843498525067885e-02 8.691175139167813327e-03
2.500000000000000000e+02 1.400686664266924614e-03 3.640517102281695672e-02 1.450579464225631443e-01 9.098500899047970436e-02 8.606163754885249803e-03
2.550000000000000000e+02 1.551619890415865998e-03 3.243049888728913310e-02 1.408916693254870511e-01 9.539324473449231623e-02 9.025451001387921335e-03
2.600000000000000000e+02 1.913698874731547313e-03 2.868884576763627500e-02 1.366593778207960130e-01 9.919542771291001149e-02 9.752448755529731159e-03
2.650000000000000000e+02 2.461368468363455027e-03 2.518821956802700865e-02 1.307187074406506722e-01 1.043307034771849412e-01 1.104512542203770625e-02
2.700000000000000000e+02 2.668285761706713603e-03 2.194425101772125297e-02 1.257862160441167720e-01 1.092763919353873792e-01 1.238888110710163401e-02
2.750000000000000000e+02 3.173501110881540507e-03 1.876534786594219809e-02 1.212955593342263244e-01 1.133832083519904776e-01 1.372554102767772899e-02
