 1
  0.  0.  0.
  0.  1750.  0.
  0.  1849.99558  0.940028868
  1.  0.  0.
  0.  0.999988954  0.00470019626
  0. -0.00470019626  0.999988954
  0.  0.999955816  0.00940028868
  0. -0.00940028868  0.999955816
 2
  0.  1849.99558  0.940028868
  0.  1869.9947  1.12803464
  0.  1872.71073  14.8620502
  1.  0.  0.
  0.  0.769666117  0.638446605
  0. -0.638446605  0.769666117
  0.  0.19400213  0.981001108
  0. -0.981001108  0.19400213
 3
  0.  1872.71073  14.8620502
  0.  1875.42676  28.5960657
  0.  1875.42676  28.5960657
 -1. -1.20137987E-16  2.37584087E-17
 -7.72976623E-17  0.769666117  0.638446605
 -9.4987732E-17  0.638446605 -0.769666117
 -1.19909343E-16  0.999955816  0.00940028868
 -2.48866908E-17  0.00940028868 -0.999955816
