 1
  0.  0.  0.
  0.  1750.  0.
  0.  1849.99438  1.05998015
  1.  0.  0.
  0.  0.999985955  0.00529997519
  0. -0.00529997519  0.999985955
  0.  0.999943821  0.0105998015
  0. -0.0105998015  0.999943821
 2
  0.  1849.99438  1.05998015
  0.  1869.99326  1.27197618
  0.  1880.85939  10.0996155
  1.  0.  0.
  0.  0.94059154  0.339540211
  0. -0.339540211  0.94059154
  0.  0.776152153  0.630545665
  0. -0.630545665  0.776152153
 3
  0.  1880.85939  10.0996155
  0.  1891.72552  18.9272548
  0.  1891.72552  18.9272548
 -1. -7.72195731E-17  9.50512249E-17
 -4.03583642E-17  0.94059154  0.339540211
 -1.15623528E-16  0.339540211 -0.94059154
 -7.62077108E-17  0.999943821  0.0105998015
 -9.58643971E-17  0.0105998015 -0.999943821
