#s (mm)	Bx(T)	By(T)
-1512	7.75E-13	0.00010711442891
-1511	1.44E-12	0.000109116629342
-1510	-3.88E-12	0.000111165501816
-1509	3.31E-12	0.000113262351961
-1508	5.05E-12	0.000115408527651
-1507	6.73E-13	0.000117605421235
-1506	6.16E-12	0.000119854470968
-1505	6.51E-12	0.000122157162475
-1504	1.38E-12	0.000124515030951
-1503	7.88E-14	0.000126929662852
-1502	-6.17E-13	0.000129402697846
-1501	5.92E-12	0.000131935830911
-1500	-1.62E-12	0.00013453081443
-1499	-5.15E-13	0.000137189460334
-1498	1.02E-11	0.000139913642566
-1497	9.89E-13	0.000142705299589
-1496	2.70E-12	0.000145566436565
-1495	-1.50E-12	0.000148499128254
-1494	2.62E-13	0.000151505521765
-1493	-3.59E-12	0.000154587839427
-1492	1.68E-13	0.000157748381588
-1491	1.03E-13	0.000160989530063
-1490	4.69E-12	0.000164313751251
-1489	-2.01E-12	0.000167723599646
-1488	-3.79E-13	0.000171221721287
-1487	8.09E-12	0.000174810857666
-1486	-9.77E-12	0.0001784938497
-1485	-2.31E-12	0.000182273641423
-1484	4.07E-12	0.000186153285074
-1483	2.00E-13	0.000190135944843
-1482	6.15E-12	0.000194224901933
-1481	3.28E-12	0.000198423559475
-1480	2.98E-12	0.000202735447602
-1479	3.03E-12	0.000207164229006
-1478	-3.45E-12	0.000211713704549
-1477	-1.89E-12	0.000216387819343
-1476	3.27E-12	0.000221190668457
-1475	-6.40E-13	0.000226126504326
-1474	7.09E-13	0.000231199742877
-1473	-4.98E-12	0.000236414970993
-1472	1.13E-12	0.000241776954318
-1471	3.93E-12	0.000247290644633
-1470	3.30E-12	0.000252961188842
-1469	6.43E-12	0.000258793936943
-1468	4.84E-12	0.00026479445202
-1467	-8.64E-13	0.000270968519261
-1466	2.49E-12	0.000277322156509
-1465	1.12E-12	0.000283861624589
-1464	-4.89E-12	0.000290593438808
-1463	-2.62E-12	0.000297524380587
-1462	3.96E-13	0.000304661509777
-1461	-1.37E-12	0.000312012177949
-1460	5.78E-12	0.000319584041843
-1459	1.14E-12	0.000327385078025
-1458	2.61E-12	0.000335423598158
-1457	3.48E-12	0.000343708264753
-1456	-9.33E-12	0.000352248108265
-1455	-9.65E-13	0.000361052545058
-1454	5.95E-13	0.000370131395511
-1453	-3.71E-12	0.000379494904869
-1452	8.05E-12	0.000389153763248
-1451	2.95E-12	0.000399119127884
-1450	-3.47E-12	0.000409402646611
-1449	4.61E-12	0.000420016482189
-1448	1.85E-12	0.000430973338304
-1447	1.07E-11	0.000442286486827
-1446	-2.25E-12	0.000453969797033
-1445	-1.18E-12	0.000466037765776
-1444	-9.98E-13	0.000478505550195
-1443	-9.27E-14	0.000491389001784
-1442	-5.66E-12	0.000504704702294
-1441	1.54E-12	0.000518470002462
-1440	6.98E-12	0.000532703062145
-1439	2.75E-12	0.00054742289352
-1438	4.02E-12	0.000562649406189
-1437	-1.54E-12	0.000578403455661
-1436	7.04E-14	0.00059470689442
-1435	2.17E-12	0.000611582625424
-1434	1.00E-12	0.000629054660267
-1433	-1.56E-12	0.000647148179505
-1432	5.46E-12	0.000665889597599
-1431	5.97E-12	0.000685306631237
-1430	-3.36E-12	0.00070542837234
-1429	-2.05E-12	0.000726285365391
-1428	5.16E-12	0.000747909689582
-1427	2.48E-13	0.000770335046108
-1426	5.40E-12	0.000793596851669
-1425	5.67E-12	0.000817732336453
-1424	4.53E-13	0.000842780650026
-1423	7.39E-13	0.000868782973016
-1422	6.28E-12	0.000895782636364
-1421	2.81E-12	0.000923825248345
-1420	-5.30E-12	0.000952958829991
-1419	-1.98E-12	0.000983233959233
-1418	-4.02E-12	0.00101470392475
-1417	1.55E-12	0.001047424890049
-1416	2.88E-12	0.001081456068787
-1415	2.99E-12	0.00111685991119
-1414	7.55E-12	0.001153702304124
-1413	9.28E-13	0.001192052784063
-1412	5.68E-12	0.001231984764884
-1411	-1.28E-12	0.001273575781383
-1410	-1.37E-12	0.001316907749942
-1409	6.65E-12	0.001362067246882
-1408	-2.08E-12	0.0014091458066
-1407	4.57E-12	0.001458240240609
-1406	-1.98E-12	0.001509452979692
-1405	-4.89E-12	0.001562892439609
-1404	3.63E-12	0.001618673413628
-1403	9.81E-12	0.001676917492971
-1402	2.53E-12	0.001737753518001
-1401	5.63E-12	0.001801318061887
-1400	-7.39E-13	0.001867755950097
-1399	9.78E-12	0.001937220817632
-1398	-3.96E-12	0.002009875707161
-1397	-2.40E-12	0.00208589371276
-1396	-1.21E-12	0.002165458670273
-1395	6.19E-12	0.00224876589971
-1394	-2.01E-12	0.002336023004391
-1393	-2.01E-12	0.002427450728995
-1392	1.80E-12	0.002523283884221
-1391	1.42E-12	0.002623772340252
-1390	-9.41E-13	0.002729182098097
-1389	7.89E-12	0.002839796441149
-1388	6.48E-12	0.002955917177323
-1387	7.39E-13	0.003077865975769
-1386	7.33E-12	0.003205985807937
-1385	2.56E-12	0.003340642500791
-1384	-4.54E-12	0.003482226410598
-1383	6.75E-12	0.003631154228074
-1382	2.00E-12	0.003787870924513
-1381	5.77E-12	0.003952851851101
-1380	6.17E-12	0.004126605002386
-1379	7.57E-12	0.004309673458934
-1378	1.39E-11	0.004502638020326
-1377	1.05E-11	0.004706120048144
-1376	7.27E-12	0.00492078453036
-1375	3.47E-12	0.005147343387015
-1374	4.69E-12	0.005386559036139
-1373	6.67E-12	0.005639248239087
-1372	4.74E-12	0.005906286243994
-1371	2.30E-12	0.006188611254072
-1370	5.11E-12	0.006487229241032
-1369	6.30E-12	0.00680321912763
-1368	9.19E-12	0.007137738367177
-1367	1.02E-11	0.007492028946785
-1366	6.08E-12	0.007867423837792
-1365	6.14E-12	0.008265353928043
-1364	1.35E-11	0.008687355457536
-1363	4.87E-12	0.009135077990649
-1362	1.29E-11	0.00961029294904
-1361	6.82E-12	0.010114902732504
-1360	8.08E-12	0.010650950452537
-1359	4.43E-12	0.011220630294066
-1358	7.77E-12	0.011826298525478
-1357	9.73E-12	0.012470485161692
-1356	5.08E-12	0.013155906280881
-1355	7.42E-12	0.013885476975733
-1354	8.94E-12	0.014662324913332
-1353	8.71E-12	0.015489804456734
-1352	1.19E-11	0.016371511256324
-1351	1.08E-11	0.017311297207294
-1350	7.27E-12	0.018313285611771
-1349	-6.82E-13	0.019381886317347
-1348	3.61E-12	0.020521810556719
-1347	1.17E-11	0.021738085061529
-1346	1.04E-11	0.023036064961985
-1345	9.75E-12	0.024421444744342
-1344	1.18E-11	0.025900266370229
-1343	3.27E-12	0.027478923317724
-1342	8.86E-12	0.029164158930075
-1341	1.15E-11	0.03096305690448
-1340	1.08E-11	0.032883020976478
-1339	1.61E-11	0.034931739881126
-1338	9.81E-12	0.037117132183646
-1337	9.47E-12	0.039447263572354
-1336	1.22E-11	0.041930226354582
-1335	1.98E-11	0.044573966807319
-1334	1.07E-11	0.047386040132354
-1333	1.30E-11	0.050373264240222
-1332	7.93E-12	0.053541231056173
-1331	5.99E-12	0.056893615679439
-1330	1.26E-11	0.060431196545538
-1329	1.51E-11	0.064150459314824
-1328	1.27E-11	0.068041597281541
-1327	9.34E-12	0.072085631922732
-1326	8.86E-12	0.076250245921276
-1325	9.03E-12	0.080483729904366
-1324	5.45E-12	0.08470617424769
-1323	8.57E-12	0.088796675318658
-1322	3.29E-12	0.092574891093052
-1321	2.32E-12	0.095774887469466
-1320	5.14E-12	0.098009211113996
-1319	-6.39E-12	0.098722341442424
-1318	3.64E-12	0.0971367748459
-1317	-1.41E-12	0.092204490705041
-1316	-8.59E-12	0.08259316967255
-1315	-1.20E-11	0.066755562092305
-1314	-1.08E-12	0.043131677554482
-1313	8.75E-14	0.010484269971072
-1312	-7.08E-12	-0.031734568141263
-1311	1.79E-13	-0.083161795113012
-1310	-1.21E-11	-0.142558176914783
-1309	1.93E-12	-0.208042422121999
-1308	1.23E-12	-0.277371888776329
-1307	4.30E-12	-0.34817102997241
-1306	-1.15E-11	-0.41810551933792
-1305	-3.98E-12	-0.485021808886694
-1304	-1.44E-11	-0.547032466050626
-1303	-9.65E-12	-0.602531681684423
-1302	-1.60E-11	-0.650193940542861
-1301	-3.67E-11	-0.689017968481023
-1300	-4.46E-11	-0.718385151356733
-1299	-5.76E-11	-0.738051933790063
-1298	-6.61E-11	-0.748063453407875
-1297	-8.02E-11	-0.748656587393334
-1296	-9.02E-11	-0.740226734946007
-1295	-1.06E-10	-0.723378602448036
-1294	-1.04E-10	-0.699006980343558
-1293	-1.14E-10	-0.668292386893796
-1292	-1.18E-10	-0.632507006657261
-1291	-1.17E-10	-0.592660628778612
-1290	-1.15E-10	-0.549198462996094
-1289	-1.16E-10	-0.501992464296278
-1288	-1.04E-10	-0.450663018378481
-1287	-9.67E-11	-0.395008055526167
-1286	-8.18E-11	-0.335251344862129
-1285	-6.54E-11	-0.271999392771638
-1284	-4.25E-11	-0.206020283058657
-1283	-2.17E-11	-0.138025326187836
-1282	6.67E-12	-0.068553557326161
-1281	4.03E-11	0.002038892009023
-1280	7.58E-11	0.07352426962434
-1279	1.09E-10	0.145719200180435
-1278	1.54E-10	0.21839069068652
-1277	1.96E-10	0.291165241941291
-1276	2.37E-10	0.363462670936708
-1275	2.78E-10	0.43448920904644
-1274	3.21E-10	0.503317771558203
-1273	3.78E-10	0.569033613518961
-1272	4.27E-10	0.630853519366241
-1271	4.79E-10	0.688130120546096
-1270	5.43E-10	0.740278659113767
-1269	6.07E-10	0.786768296954646
-1268	6.73E-10	0.827237886520771
-1267	7.36E-10	0.861632891547703
-1266	7.96E-10	0.890237125072917
-1265	8.59E-10	0.913583409813374
-1264	9.12E-10	0.932311893558906
-1263	9.51E-10	0.947042949777312
-1262	9.86E-10	0.958291897520151
-1261	1.02E-09	0.966422597442437
-1260	1.04E-09	0.971625684355124
-1259	1.05E-09	0.973906781021053
-1258	1.06E-09	0.97307384087133
-1257	1.05E-09	0.968718905830175
-1256	1.05E-09	0.960197573145299
-1255	1.04E-09	0.946618753933887
-1254	1.04E-09	0.926868261520762
-1253	1.03E-09	0.899701565034642
-1252	1.02E-09	0.86394431404058
-1251	1.02E-09	0.818810987481811
-1250	1.01E-09	0.764270687794929
-1249	9.92E-10	0.701284562710864
-1248	9.69E-10	0.631725463924743
-1247	9.51E-10	0.557956603580154
-1246	9.20E-10	0.482276105309591
-1245	8.85E-10	0.406495224005592
-1244	8.51E-10	0.331772835166703
-1243	8.02E-10	0.25865849549165
-1242	7.61E-10	0.18723319047771
-1241	7.07E-10	0.117262008073658
-1240	6.50E-10	0.048318921189163
-1239	5.94E-10	-0.020124611112563
-1238	5.41E-10	-0.088640510372315
-1237	4.86E-10	-0.157801113862582
-1236	4.32E-10	-0.228136054278289
-1235	3.68E-10	-0.300072752920231
-1234	3.26E-10	-0.373847421767077
-1233	2.78E-10	-0.4493800358486
-1232	2.30E-10	-0.526121686712194
-1231	1.80E-10	-0.602914242068844
-1230	1.25E-10	-0.677948139273667
-1229	7.60E-11	-0.748929070563673
-1228	1.13E-11	-0.813500779250522
-1227	-4.71E-11	-0.869800661850197
-1226	-1.19E-10	-0.916879995582425
-1225	-1.93E-10	-0.954782190289206
-1224	-2.58E-10	-0.984303012052932
-1223	-3.26E-10	-1.00662265060895
-1222	-3.88E-10	-1.02298514159789
-1221	-4.46E-10	-1.03449585049484
-1220	-5.07E-10	-1.04202639178124
-1219	-5.52E-10	-1.04618807946953
-1218	-5.99E-10	-1.04733787654188
-1217	-6.35E-10	-1.04559178607007
-1216	-6.57E-10	-1.04083093396514
-1215	-6.81E-10	-1.03269536041159
-1214	-7.02E-10	-1.02057054447444
-1213	-7.15E-10	-1.00358142887625
-1212	-7.11E-10	-0.980619000860451
-1211	-7.12E-10	-0.950435464386138
-1210	-7.04E-10	-0.911846918852123
-1209	-6.78E-10	-0.864054162970234
-1208	-6.48E-10	-0.807010849480277
-1207	-6.11E-10	-0.741663342087901
-1206	-5.63E-10	-0.669872284131094
-1205	-5.01E-10	-0.593991970739243
-1204	-4.36E-10	-0.516314330607386
-1203	-3.68E-10	-0.438645903653141
-1202	-2.89E-10	-0.362141178498473
-1201	-2.20E-10	-0.287345005229549
-1200	-1.41E-10	-0.214333228106846
-1199	-6.81E-11	-0.142865617212317
-1198	1.41E-11	-0.072511072774277
-1197	9.76E-11	-0.002736579745404
-1196	1.76E-10	0.067033580234997
-1195	2.53E-10	0.137375116689131
-1194	3.31E-10	0.208821027194482
-1193	4.06E-10	0.281802405428888
-1192	4.90E-10	0.356559502278485
-1191	5.75E-10	0.433016519334217
-1190	6.59E-10	0.510628644085488
-1189	7.46E-10	0.588241349355753
-1188	8.42E-10	0.664047880358913
-1187	9.41E-10	0.735755814455292
-1186	1.04E-09	0.801010031842727
-1185	1.15E-09	0.857948781733345
-1184	1.25E-09	0.905624450800582
-1183	1.35E-09	0.944082160257742
-1182	1.45E-09	0.974120026100532
-1181	1.53E-09	0.996921048697288
-1180	1.60E-09	1.01373229641143
-1179	1.66E-09	1.02566218336267
-1178	1.70E-09	1.0335852286958
-1177	1.74E-09	1.03811537231498
-1176	1.74E-09	1.03961180827075
-1175	1.74E-09	1.03819230894357
-1174	1.72E-09	1.03373933223885
-1173	1.69E-09	1.02589393187376
-1172	1.66E-09	1.01404244436674
-1171	1.62E-09	0.997310657818035
-1170	1.58E-09	0.974590489857837
-1169	1.54E-09	0.944635213320831
-1168	1.49E-09	0.906262152934461
-1167	1.46E-09	0.858673466856681
-1166	1.42E-09	0.801824222809681
-1165	1.38E-09	0.736662123033106
-1164	1.35E-09	0.665048930692964
-1163	1.31E-09	0.589339757235685
-1162	1.27E-09	0.511827056686667
-1161	1.22E-09	0.434317689359009
-1160	1.18E-09	0.357966361543743
-1159	1.12E-09	0.283318112104647
-1158	1.06E-09	0.210448973884847
-1157	1.01E-09	0.139118898160823
-1156	9.52E-10	0.068896932215183
-1155	8.89E-10	-0.000749846137551
-1154	8.30E-10	-0.070397107542307
-1153	7.76E-10	-0.140620519670319
-1152	7.24E-10	-0.211952994402867
-1151	6.75E-10	-0.284825465815503
-1150	6.19E-10	-0.35947795538318
-1149	5.71E-10	-0.435834399724307
-1148	5.25E-10	-0.513349737919125
-1147	4.81E-10	-0.59086926954206
-1146	4.25E-10	-0.666586192031006
-1145	3.64E-10	-0.738208180183577
-1144	3.04E-10	-0.803380322402913
-1143	2.38E-10	-0.860241100186422
-1142	1.66E-10	-0.907843057324817
-1141	8.89E-11	-0.946231333934732
-1140	1.33E-11	-0.976203922672824
-1139	-6.08E-11	-0.998943593530254
-1138	-1.35E-10	-1.01569712505361
-1137	-1.99E-10	-1.02757262261223
-1136	-2.69E-10	-1.03544430774633
-1135	-3.23E-10	-1.03992585620791
-1134	-3.72E-10	-1.04137624779102
-1133	-4.18E-10	-1.03991309842116
-1132	-4.53E-10	-1.03541876284418
-1131	-4.80E-10	-1.02753422891567
-1130	-5.01E-10	-1.01564578364402
-1129	-5.13E-10	-0.998879163008011
-1128	-5.19E-10	-0.976126215014942
-1127	-5.22E-10	-0.946140113252236
-1126	-5.09E-10	-0.907738042897481
-1125	-4.86E-10	-0.860121975798394
-1124	-4.54E-10	-0.803246751594158
-1123	-4.18E-10	-0.738059824594149
-1122	-3.73E-10	-0.666422725495057
-1121	-3.10E-10	-0.59069038282318
-1120	-2.46E-10	-0.513155132721212
-1119	-1.73E-10	-0.435623776707413
-1118	-1.02E-10	-0.359251002136786
-1117	-3.71E-11	-0.284581848696596
-1116	3.73E-11	-0.211692357724251
-1115	1.03E-10	-0.140342490685484
-1114	1.74E-10	-0.070101307428006
-1113	2.38E-10	-0.000435901752166
-1112	3.03E-10	0.0692293803971
-1111	3.72E-10	0.139470196032561
-1110	4.30E-10	0.210819460000055
-1109	4.98E-10	0.283708126803561
-1108	5.66E-10	0.358376253745131
-1107	6.34E-10	0.434747819356123
-1106	7.10E-10	0.512277796548707
-1105	7.93E-10	0.589811492291747
-1104	8.79E-10	0.665542067912885
-1103	9.71E-10	0.737177109058615
-1102	1.07E-09	0.802361571358706
-1101	1.18E-09	0.859233788444571
-1100	1.28E-09	0.906846176846281
-1099	1.38E-09	0.945243795918457
-1098	1.48E-09	0.975224609459518
-1097	1.57E-09	0.997971400989917
-1096	1.65E-09	1.01473098942818
-1095	1.72E-09	1.02661153327043
-1094	1.76E-09	1.03448730901239
-1093	1.80E-09	1.03897204079019
-1092	1.82E-09	1.04042474334742
-1091	1.82E-09	1.03896304909497
-1090	1.81E-09	1.03446930919421
-1089	1.78E-09	1.02658449029441
-1088	1.75E-09	1.01469484610012
-1087	1.71E-09	0.997926074191354
-1086	1.67E-09	0.975169987272972
-1085	1.63E-09	0.945179736794365
-1084	1.59E-09	0.906772512020687
-1083	1.56E-09	0.859150328947283
-1082	1.52E-09	0.802268119412236
-1081	1.48E-09	0.737073471720903
-1080	1.44E-09	0.665428067706542
-1079	1.40E-09	0.589686971364591
-1078	1.36E-09	0.512142612344538
-1077	1.31E-09	0.434601836494798
-1076	1.26E-09	0.358219335359831
-1075	1.20E-09	0.28354012889633
-1074	1.14E-09	0.210640230686638
-1073	1.08E-09	0.13927957941021
-1072	1.02E-09	0.069027224176959
-1071	9.53E-10	-0.000649737092341
-1070	8.88E-10	-0.070326942429246
-1069	8.24E-10	-0.140580025653041
-1068	7.66E-10	-0.211941876344815
-1067	7.09E-10	-0.284843423838329
-1066	6.57E-10	-0.359524700591214
-1065	6.07E-10	-0.43590966202114
-1064	5.57E-10	-0.513453265789416
-1063	5.11E-10	-0.591000824441339
-1062	4.60E-10	-0.666745541915078
-1061	4.05E-10	-0.738395098811388
-1060	3.43E-10	-0.803594598496725
-1059	2.78E-10	-0.860482557244575
-1058	2.07E-10	-0.908111576777092
-1057	1.32E-10	-0.94652687427518
-1056	5.28E-11	-0.976526528471424
-1055	-2.23E-11	-0.999293394791748
-1054	-1.04E-10	-1.01607432962943
-1053	-1.73E-10	-1.02797750522731
-1052	-2.44E-10	-1.03587719810004
-1051	-3.09E-10	-1.0403871286091
-1050	-3.68E-10	-1.04186631540916
-1049	-4.16E-10	-1.0404324148584
-1048	-4.60E-10	-1.03596783193747
-1047	-4.93E-10	-1.02811362030664
-1046	-5.23E-10	-1.0162561495645
-1045	-5.38E-10	-0.999521251511762
-1044	-5.54E-10	-0.976800875426935
-1043	-5.58E-10	-0.946848288861425
-1042	-5.57E-10	-0.908480745057981
-1041	-5.45E-10	-0.86090023483475
-1040	-5.17E-10	-0.80406154771041
-1039	-4.85E-10	-0.738912014926493
-1038	-4.37E-10	-0.667312993641588
-1037	-3.80E-10	-0.591619229717705
-1036	-3.18E-10	-0.514122907789499
-1035	-2.46E-10	-0.43663072724398
-1034	-1.74E-10	-0.360297318233583
-1033	-9.93E-11	-0.285667688047999
-1032	-2.32E-11	-0.21281784428418
-1031	6.22E-11	-0.141507688089638
-1030	1.36E-10	-0.071306172834601
-1029	2.13E-10	-0.001680231948323
-1028	2.92E-10	0.067945993764605
-1027	3.65E-10	0.138148390295885
-1026	4.39E-10	0.209460102948411
-1025	5.13E-10	0.282312307354346
-1024	5.85E-10	0.35694527305146
-1023	6.60E-10	0.433283187761608
-1022	7.33E-10	0.510781232364893
-1021	8.13E-10	0.588284915110864
-1020	8.92E-10	0.663987580286216
-1019	9.80E-10	0.735596969873551
-1018	1.07E-09	0.800758177017833
-1017	1.17E-09	0.857609682557249
-1016	1.26E-09	0.905204099847793
-1015	1.36E-09	0.943586767411174
-1014	1.45E-09	0.973556024082907
-1013	1.53E-09	0.996295121272212
-1012	1.61E-09	1.01305143016876
-1011	1.67E-09	1.02493374392721
-1010	1.72E-09	1.03281706955551
-1009	1.75E-09	1.03731599011137
-1008	1.77E-09	1.03879055328019
-1007	1.77E-09	1.03735963932939
-1006	1.76E-09	1.03290707861319
-1005	1.74E-09	1.02507553674081
-1004	1.72E-09	1.01325316509722
-1003	1.69E-09	0.996567753150934
-1002	1.66E-09	0.973913428407064
-1001	1.64E-09	0.944045948121793
-1000	1.62E-09	0.905785504252885
-999	1.60E-09	0.858337645350052
-998	1.58E-09	0.801661494504075
-997	1.56E-09	0.736709563823454
-996	1.54E-09	0.665349171315244
-995	1.52E-09	0.589941630750671
-994	1.50E-09	0.512786134637181
-993	1.47E-09	0.4356967711971
-992	1.42E-09	0.359836010451335
-991	1.38E-09	0.28575731409655
-990	1.33E-09	0.213545981538956
-989	1.28E-09	0.142972320078759
-988	1.22E-09	0.073617134337903
-987	1.16E-09	0.004960998365182
-986	1.09E-09	-0.063556263698622
-985	1.03E-09	-0.132492765190827
-984	9.64E-10	-0.202361976493991
-983	9.04E-10	-0.27357382094426
-982	8.43E-10	-0.346346069841296
-981	7.82E-10	-0.420579398379844
-980	7.21E-10	-0.495704473621744
-979	6.58E-10	-0.570540847286165
-978	5.91E-10	-0.643253231083769
-977	5.16E-10	-0.711515841516956
-976	4.39E-10	-0.772932577254728
-975	3.51E-10	-0.825590942443804
-974	2.61E-10	-0.868482656858582
-973	1.69E-10	-0.90158437295755
-972	7.63E-11	-0.92562140428023
-971	-1.26E-11	-0.941703235974344
-970	-9.85E-11	-0.951005832309988
-969	-1.81E-10	-0.954571349259524
-968	-2.53E-10	-0.953214549563458
-967	-3.17E-10	-0.947497268834631
-966	-3.68E-10	-0.937736685476508
-965	-4.13E-10	-0.924026714545782
-964	-4.42E-10	-0.906263666155903
-963	-4.61E-10	-0.884175202173837
-962	-4.73E-10	-0.857357283657751
-961	-4.73E-10	-0.825329337057026
-960	-4.72E-10	-0.787623007920489
-959	-4.65E-10	-0.743920029903342
-958	-4.49E-10	-0.694240097894089
-957	-4.31E-10	-0.639139448156482
-956	-4.06E-10	-0.579823072075834
-955	-3.80E-10	-0.518051427708824
-954	-3.48E-10	-0.455807748508675
-953	-3.14E-10	-0.394858622784555
-952	-2.78E-10	-0.336426375192376
-951	-2.44E-10	-0.281096727974072
-950	-2.10E-10	-0.228921105298026
-949	-1.74E-10	-0.179595655001792
-948	-1.39E-10	-0.132624527632047
-947	-1.09E-10	-0.087431067165503
-946	-7.91E-11	-0.043418132786588
-945	-4.86E-11	7.80E-06
-944	-2.07E-11	0.043433735164437
-943	1.31E-11	0.087446677934206
-942	4.33E-11	0.132640152577608
-941	7.43E-11	0.179611300251654
-940	1.07E-10	0.22893677730816
-939	1.44E-10	0.281112433735034
-938	1.85E-10	0.336442121900679
-937	2.30E-10	0.394874418030468
-936	2.79E-10	0.455823599728582
-935	3.34E-10	0.51806734177692
-934	3.94E-10	0.579839055049313
-933	4.60E-10	0.639155505019828
-932	5.28E-10	0.694256232945862
-931	5.94E-10	0.743936246874473
-930	6.61E-10	0.78763931049223
-929	7.23E-10	0.825345729284847
-928	7.80E-10	0.857373769987303
-927	8.30E-10	0.884191787704397
-926	8.76E-10	0.906280356454632
-925	9.15E-10	0.92404351573487
-924	9.49E-10	0.937753604215714
-923	9.78E-10	0.947514312502401
-922	1.00E-09	0.953231726416623
-921	1.02E-09	0.95458866863426
-920	1.04E-09	0.951023304758778
-919	1.05E-09	0.941720873305382
-918	1.07E-09	0.925639219399158
-917	1.08E-09	0.901602379690768
-916	1.09E-09	0.868500869274606
-915	1.10E-09	0.825609374206553
-914	1.10E-09	0.772951240610696
-913	1.09E-09	0.711534746390726
-912	1.08E-09	0.643272384715332
-911	1.06E-09	0.570560254399491
-910	1.03E-09	0.49572413691771
-909	9.96E-10	0.420599319964878
-908	9.52E-10	0.346366251416501
-907	9.08E-10	0.273594264648681
-906	8.58E-10	0.202382684880228
-905	8.02E-10	0.132513741277219
-904	7.48E-10	0.063577510765078
-903	6.94E-10	-0.004939477460617
-902	6.38E-10	-0.073595336919542
-901	5.87E-10	-0.142950244305959
-900	5.40E-10	-0.213523625997331
-899	4.93E-10	-0.285734678301354
-898	4.51E-10	-0.359813094228446
-897	4.10E-10	-0.435673575101467
-896	3.70E-10	-0.512762659460784
-895	3.31E-10	-0.58991787730349
-894	2.85E-10	-0.665325139714976
-893	2.35E-10	-0.736685252512335
-892	1.77E-10	-0.801636899097123
-891	1.15E-10	-0.858312758103183
-890	4.32E-11	-0.905760313952295
-889	-3.11E-11	-0.9440204405019
-888	-1.08E-10	-0.973887586970416
-887	-1.87E-10	-0.996541559922429
-886	-2.65E-10	-1.01322660133403
-885	-3.44E-10	-1.02504858327646
-884	-4.16E-10	-1.03287971619112
-883	-4.85E-10	-1.03733184862293
-882	-5.47E-10	-1.038762314769
-881	-6.02E-10	-1.03728728373948
-880	-6.51E-10	-1.0327878742162
-879	-6.88E-10	-1.02490403688472
-878	-7.21E-10	-1.01302118648387
-877	-7.42E-10	-0.996264313503134
-876	-7.60E-10	-0.973524622113705
-875	-7.67E-10	-0.943554738807289
-874	-7.63E-10	-0.905171410747127
-873	-7.52E-10	-0.8575762992388
-872	-7.28E-10	-0.800724068218473
-871	-6.93E-10	-0.735562108818203
-870	-6.45E-10	-0.663951946058834
-869	-5.88E-10	-0.588248492639761
-868	-5.23E-10	-0.510744010436217
-867	-4.52E-10	-0.433245157916255
-866	-3.74E-10	-0.356906427060517
-865	-2.97E-10	-0.282272636369284
-864	-2.18E-10	-0.209419597250323
-863	-1.32E-10	-0.138107039336032
-862	-4.93E-11	-0.067903787028704
-861	3.58E-11	0.001723304345829
-860	1.21E-10	0.071350119169611
-859	2.07E-10	0.141552515123752
-858	2.90E-10	0.212863556978047
-857	3.76E-10	0.285714290106771
-856	4.64E-10	0.360344812232464
-855	5.51E-10	0.436679115124173
-854	6.42E-10	0.514172190945156
-853	7.38E-10	0.59166941012847
-852	8.38E-10	0.667364075188572
-851	9.43E-10	0.738964006064081
-850	1.05E-09	0.804114463296799
-849	1.17E-09	0.860954097823008
-848	1.28E-09	0.908535586677734
-847	1.38E-09	0.946904147601496
-846	1.49E-09	0.976857795125992
-845	1.58E-09	0.999579279712386
-844	1.66E-09	1.01631533602741
-843	1.72E-09	1.02817401597128
-842	1.77E-09	1.03602948836808
-841	1.81E-09	1.04049538405614
-840	1.82E-09	1.04193065010599
-839	1.82E-09	1.04045288309964
-838	1.81E-09	1.03594442955409
-837	1.78E-09	1.0280462751809
-836	1.74E-09	1.01614470534111
-835	1.71E-09	0.999365450224616
-834	1.67E-09	0.976600344470268
-833	1.63E-09	0.9466025378527
-832	1.59E-09	0.908189178930073
-831	1.56E-09	0.860562189154724
-830	1.52E-09	0.803676346506087
-829	1.49E-09	0.738479039365063
-828	1.46E-09	0.666831738966718
-827	1.42E-09	0.591089329636086
-826	1.38E-09	0.513544122241368
-825	1.33E-09	0.436002908643339
-824	1.28E-09	0.359620376445852
-823	1.23E-09	0.28494157032672
-822	1.17E-09	0.212042538276895
-821	1.11E-09	0.140683250106488
-820	1.04E-09	0.070432776733629
-819	9.78E-10	0.000758226444183
-818	9.17E-10	-0.068916038674902
-817	8.52E-10	-0.139165661113419
-816	7.95E-10	-0.210523547313958
-815	7.44E-10	-0.283420651452072
-814	6.95E-10	-0.358097037347506
-813	6.51E-10	-0.434476693466249
-812	6.07E-10	-0.512014600768739
-811	5.64E-10	-0.589556067258273
-810	5.17E-10	-0.665294242949663
-809	4.62E-10	-0.736936688747852
-808	4.00E-10	-0.802128325166271
-807	3.31E-10	-0.859007449820837
-806	2.56E-10	-0.906626452273809
-805	1.71E-10	-0.945030379965774
-804	8.55E-11	-0.975017199975773
-803	-6.25E-12	-0.997769710372996
-802	-9.23E-11	-1.01453475102611
-801	-1.82E-10	-1.02642050354113
-800	-2.64E-10	-1.03430126658625
-799	-3.40E-10	-1.038790783516
-798	-4.08E-10	-1.04024808399337
-797	-4.66E-10	-1.0387908106275
-796	-5.12E-10	-1.03430132072433
-795	-5.49E-10	-1.02642058453898
-794	-5.75E-10	-1.01453485861314
-793	-5.96E-10	-0.997769844214867
-792	-6.04E-10	-0.975017359596386
-791	-6.06E-10	-0.945030564818548
-790	-5.98E-10	-0.906626661599592
-789	-5.80E-10	-0.859007682803725
-788	-5.51E-10	-0.802128581001999
-787	-5.13E-10	-0.736936966842849
-786	-4.66E-10	-0.665294542816335
-785	-4.10E-10	-0.589556388693187
-784	-3.46E-10	-0.512014943785579
-783	-2.80E-10	-0.434477058439741
-782	-2.10E-10	-0.358097424809131
-781	-1.40E-10	-0.283421061903045
-780	-6.89E-11	-0.210523981434204
-779	3.08E-12	-0.139166119565206
-778	7.75E-11	-0.068916522259866
-777	1.51E-10	0.000757717070825
-776	2.23E-10	0.070432240833484
-775	2.99E-10	0.140682687169054
-774	3.75E-10	0.212041947705944
-773	4.52E-10	0.284940951771617
-772	5.34E-10	0.359619729492263
-771	6.17E-10	0.436002233076563
-770	7.02E-10	0.513543417957371
-769	7.94E-10	0.591088596707183
-768	8.87E-10	0.666830977687562
-767	9.86E-10	0.738478250388409
-766	1.09E-09	0.803675530703583
-765	1.19E-09	0.860561347598424
-764	1.30E-09	0.908188312621141
-763	1.40E-09	0.946601647744767
-762	1.49E-09	0.976599431203698
-761	1.57E-09	0.99936451422884
-760	1.65E-09	1.01614374679106
-759	1.71E-09	1.02804529405216
-758	1.75E-09	1.03594342562462
-757	1.78E-09	1.0404518560366
-756	1.79E-09	1.04192959944649
-755	1.79E-09	1.04049430923728
-754	1.77E-09	1.03602838869979
-753	1.74E-09	1.02817289061299
-752	1.71E-09	1.01631418393845
-751	1.66E-09	0.999578099610461
-750	1.62E-09	0.976856585455175
-749	1.58E-09	0.946902906458351
-748	1.54E-09	0.908534311977566
-747	1.50E-09	0.860952787320472
-746	1.46E-09	0.804113114756088
-745	1.43E-09	0.738962617716065
-744	1.39E-09	0.667362645599968
-743	1.35E-09	0.591667938611859
-742	1.30E-09	0.514170677274606
-741	1.26E-09	0.436677559445133
-740	1.21E-09	0.360343214961099
-739	1.16E-09	0.285712651734727
-738	1.10E-09	0.212861878047963
-737	1.05E-09	0.141550796200121
-736	9.92E-10	0.071348360952433
-735	9.37E-10	0.001721507452343
-734	8.83E-10	-0.067905621775983
-733	8.33E-10	-0.138108911058001
-732	7.87E-10	-0.209421505034804
-731	7.44E-10	-0.282274579301922
-730	7.03E-10	-0.356908404153615
-729	6.66E-10	-0.433247168268647
-728	6.25E-10	-0.510746053144375
-727	5.84E-10	-0.588250566959684
-726	5.36E-10	-0.66395405168652
-725	4.81E-10	-0.735564245876437
-724	4.15E-10	-0.8007262374498
-723	3.44E-10	-0.85757850199894
-722	2.64E-10	-0.905173648851972
-721	1.76E-10	-0.943557014376416
-720	8.62E-11	-0.973526937290674
-719	-3.17E-12	-0.996266670406031
-718	-9.34E-11	-1.01302358713762
-717	-1.82E-10	-1.02490648313682
-716	-2.63E-10	-1.03279036781719
-715	-3.40E-10	-1.03728982628458
-714	-4.09E-10	-1.0387649077523
-713	-4.69E-10	-1.03733449346216
-712	-5.20E-10	-1.03288241426875
-711	-5.61E-10	-1.02505133598427
-710	-5.96E-10	-1.01322941011205
-709	-6.21E-10	-0.996544426290003
-708	-6.40E-10	-0.973890512442858
-707	-6.47E-10	-0.944023426659156
-706	-6.49E-10	-0.905763362263203
-705	-6.39E-10	-0.858315869926767
-704	-6.19E-10	-0.801640075500886
-703	-5.87E-10	-0.736688494299224
-702	-5.43E-10	-0.665328447502335
-701	-4.92E-10	-0.589921251346008
-700	-4.32E-10	-0.512766100042199
-699	-3.67E-10	-0.435677082518147
-698	-2.98E-10	-0.359816668824398
-697	-2.27E-10	-0.285738320659597
-696	-1.52E-10	-0.213527336749523
-695	-7.48E-11	-0.142954024106504
-694	2.57E-12	-0.0735991865426
-693	7.75E-11	-0.004943397483398
-692	1.58E-10	0.063573519672728
-691	2.38E-10	0.1325096789294
-690	3.14E-10	0.202378551035571
-689	3.92E-10	0.273590059292764
-688	4.70E-10	0.346361974647233
-687	5.48E-10	0.42059497205975
-686	6.27E-10	0.495719718213712
-685	7.09E-10	0.570555765259964
-684	7.93E-10	0.643267825580155
-683	8.81E-10	0.711530117492106
-682	9.72E-10	0.772946541872701
-681	1.07E-09	0.825604605274547
-680	1.16E-09	0.868496029223105
-679	1.25E-09	0.901597467140435
-678	1.33E-09	0.92563423267738
-677	1.40E-09	0.941715810407114
-676	1.46E-09	0.951018163576872
-675	1.51E-09	0.954583447052899
-674	1.54E-09	0.953226422425852
-673	1.56E-09	0.947508924277635
-672	1.55E-09	0.937748130143934
-671	1.52E-09	0.924037954365372
-670	1.48E-09	0.906274706493814
-669	1.43E-09	0.884186047912593
-668	1.36E-09	0.857367939079965
-667	1.29E-09	0.825339805848953
-666	1.22E-09	0.787633293052971
-665	1.15E-09	0.743930133640053
-664	1.08E-09	0.694250021752428
-663	1.01E-09	0.639149193145481
-662	9.50E-10	0.57983263913896
-661	8.94E-10	0.518060817878114
-660	8.46E-10	0.455816963516363
-659	8.05E-10	0.394867665001002
-658	7.70E-10	0.336435247634616
-657	7.42E-10	0.281105434122908
-656	7.21E-10	0.22892964874898
-655	7.03E-10	0.179604039447838
-654	6.90E-10	0.132632756559544
-653	6.80E-10	0.087439143973155
-652	6.75E-10	0.043426060549584
-651	6.71E-10	-1.80E-08
-650	6.70E-10	-0.043426096507738
-649	6.69E-10	-0.087439179558627
-648	6.71E-10	-0.132632791623828
-647	6.72E-10	-0.179604073852392
-646	6.72E-10	-0.228929682311638
-645	6.68E-10	-0.281105466775971
-644	6.60E-10	-0.336435279422893
-643	6.46E-10	-0.394867696126005
-642	6.21E-10	-0.455816994422066
-641	5.88E-10	-0.518060848986769
-640	5.44E-10	-0.579832671033919
-639	4.88E-10	-0.639149226441475
-638	4.24E-10	-0.694250057010331
-637	3.54E-10	-0.743930171321514
-636	2.80E-10	-0.787633333488092
-635	2.05E-10	-0.82533984923738
-634	1.32E-10	-0.857367985490194
-633	5.94E-11	-0.884186097335025
-632	-8.58E-12	-0.906274758791007
-631	-7.32E-11	-0.924038009321806
-630	-1.34E-10	-0.937748187443306
-629	-1.92E-10	-0.947508983564423
-628	-2.44E-10	-0.953226483283389
-627	-2.93E-10	-0.954583509057688
-626	-3.36E-10	-0.951018226266478
-625	-3.75E-10	-0.941715873261168
-624	-4.07E-10	-0.925634295093021
-623	-4.33E-10	-0.901597528393668
-622	-4.50E-10	-0.868496088513313
-621	-4.54E-10	-0.825604661720044
-620	-4.48E-10	-0.772946594684915
-619	-4.27E-10	-0.711530166124554
-618	-3.91E-10	-0.643267869517911
-617	-3.46E-10	-0.570555804546064
-616	-2.90E-10	-0.495719752953802
-615	-2.27E-10	-0.420595002503989
-614	-1.59E-10	-0.346362001303571
-613	-8.91E-11	-0.273590082563125
-612	-1.73E-11	-0.202378571315281
-611	5.51E-11	-0.132509696790096
-610	1.27E-10	-0.063573535590976
-609	1.98E-10	0.004943382971972
-608	2.66E-10	0.073599172978237
-607	3.36E-10	0.142954010903719
-606	4.02E-10	0.213527323393832
-605	4.68E-10	0.285738306638516
-604	5.35E-10	0.35981665370223
-603	6.03E-10	0.435677065844556
-602	6.74E-10	0.512766081489479
-601	7.50E-10	0.589921230835825
-600	8.29E-10	0.665328425067088
-599	9.17E-10	0.736688470522072
-598	1.01E-09	0.801640051016151
-597	1.10E-09	0.858315845893191
-596	1.20E-09	0.905763339943329
-595	1.30E-09	0.944023407184697
-594	1.39E-09	0.97389049696456
-593	1.48E-09	0.99654441566718
-592	1.55E-09	1.01322940507329
-591	1.61E-09	1.02505133703098
-590	1.66E-09	1.032882421761
-589	1.70E-09	1.03733450761288
-588	1.71E-09	1.03876492865275
-587	1.71E-09	1.03728985391666
-586	1.70E-09	1.03279040207507
-585	1.67E-09	1.02490652382634
-584	1.64E-09	1.01302363395718
-583	1.60E-09	0.996266722958771
-582	1.57E-09	0.973526994998351
-581	1.53E-09	0.943557076542529
-580	1.49E-09	0.905173714608717
-579	1.45E-09	0.857578570342142
-578	1.42E-09	0.800726307378259
-577	1.38E-09	0.73556431653536
-576	1.35E-09	0.663954122480364
-575	1.31E-09	0.588250637612173
-574	1.27E-09	0.510746123775522
-573	1.22E-09	0.433247239106334
-572	1.18E-09	0.356908475671669
-571	1.13E-09	0.282274652060294
-570	1.08E-09	0.209421579623063
-569	1.02E-09	0.138108988128613
-568	9.68E-10	0.067905702013086
-567	9.16E-10	-0.001721423371966
-566	8.66E-10	-0.071348272288514
-565	8.17E-10	-0.141550702317915
-564	7.73E-10	-0.212861778177942
-563	7.33E-10	-0.285712545445226
-562	6.97E-10	-0.36034310162011
-561	6.63E-10	-0.436677438583893
-560	6.29E-10	-0.514170548496571
-559	5.93E-10	-0.591667801702283
-558	5.52E-10	-0.667362500650258
-557	5.05E-10	-0.738962465020092
-556	4.48E-10	-0.804112955069304
-555	3.84E-10	-0.860952621489532
-554	3.13E-10	-0.90853414108105
-553	2.35E-10	-0.946902731471522
-552	1.55E-10	-0.976856407196669
-551	7.36E-11	-0.999577918796644
-550	-6.77E-12	-1.01631400105601
-549	-8.61E-11	-1.02817270601488
-548	-1.60E-10	-1.03602820261314
-547	-2.30E-10	-1.04049412179846
-546	-2.93E-10	-1.04192941069809
-545	-3.49E-10	-1.04045166592692
-544	-3.95E-10	-1.03594323399068
-543	-4.34E-10	-1.028045100595
-542	-4.67E-10	-1.01614355104796
-541	-4.91E-10	-0.999364315504781
-540	-5.08E-10	-0.976599228627898
-539	-5.17E-10	-0.946601440193431
-538	-5.16E-10	-0.908188098804103
-537	-5.04E-10	-0.860561125955205
-536	-4.82E-10	-0.80367529980895
-535	-4.46E-10	-0.738478008952912
-534	-3.98E-10	-0.666830724760049
-533	-3.40E-10	-0.59108833177099
-532	-2.75E-10	-0.513543140841603
-531	-2.03E-10	-0.436001943947105
-530	-1.28E-10	-0.359619428628823
-529	-5.26E-11	-0.284940639711905
-528	2.43E-11	-0.212041625072091
-527	9.86E-11	-0.14068235446106
-526	1.70E-10	-0.070431898810263
-525	2.41E-10	-0.000757366339452
-524	3.09E-10	0.068916880829264
-523	3.75E-10	0.139166485380491
-522	4.39E-10	0.210524353682457
-521	5.03E-10	0.283421439860567
-520	5.67E-10	0.358097807885353
-519	6.33E-10	0.434477446057531
-518	7.03E-10	0.512015335528386
-517	7.77E-10	0.589556784231581
-516	8.58E-10	0.665294942302894
-515	9.46E-10	0.736937370733857
-514	1.04E-09	0.802128990180402
-513	1.14E-09	0.859008098373032
-512	1.24E-09	0.906627084983401
-511	1.34E-09	0.945030997425884
-510	1.44E-09	0.975017802742417
-509	1.53E-09	0.99777029903704
-508	1.61E-09	1.01453532606336
-507	1.68E-09	1.02642106535785
-506	1.73E-09	1.03430181550018
-505	1.77E-09	1.03879131980819
-504	1.79E-09	1.040248607896
-503	1.80E-09	1.03879132236223
-502	1.79E-09	1.03430182052078
-501	1.77E-09	1.02642107265081
-500	1.75E-09	1.01453533531509
-499	1.71E-09	0.997770309794339
-498	1.68E-09	0.975017814355168
-497	1.64E-09	0.945031009047627
-496	1.61E-09	0.90662709554359
-495	1.57E-09	0.859008106762097
-494	1.54E-09	0.802128995082382
-493	1.50E-09	0.736937371197754
-492	1.47E-09	0.665294937468276
-491	1.43E-09	0.589556773633482
-490	1.39E-09	0.512015319079788
-489	1.34E-09	0.434477423964596
-488	1.29E-09	0.358097780492948
-487	1.24E-09	0.283421407731748
-486	1.18E-09	0.210524317322655
-485	1.12E-09	0.139166445487088
-484	1.06E-09	0.068916838053925
-483	9.91E-10	-0.000757411305971
-482	9.28E-10	-0.070431945246872
-481	8.66E-10	-0.140682401589035
-480	8.06E-10	-0.212041672276967
-479	7.51E-10	-0.284940686367211
-478	7.00E-10	-0.35961947409289
-477	6.51E-10	-0.436001987712757
-476	6.03E-10	-0.513543182523339
-475	5.54E-10	-0.591088371125927
-474	5.02E-10	-0.666830761850809
-473	4.44E-10	-0.73847804411935
-472	3.80E-10	-0.803675333710243
-471	3.10E-10	-0.860561159579422
-470	2.34E-10	-0.90818813325424
-469	1.55E-10	-0.946601476695396
-468	7.40E-11	-0.976599268184819
-467	-7.30E-12	-0.999364358989606
-466	-8.72E-11	-1.0161435991513
-465	-1.64E-10	-1.02804515383621
-464	-2.36E-10	-1.03594329277097
-463	-3.02E-10	-1.04045173048661
-462	-3.62E-10	-1.04192948117742
-461	-4.13E-10	-1.0404941982301
-460	-4.55E-10	-1.03602828491707
-459	-4.89E-10	-1.02817279399192
-458	-5.15E-10	-1.01631409439253
-457	-5.33E-10	-0.999578017038649
-456	-5.44E-10	-0.976856509737019
-455	-5.47E-10	-0.946902837490158
-454	-5.42E-10	-0.908534249639576
-453	-5.27E-10	-0.860952731463008
-452	-5.02E-10	-0.804113065423732
-451	-4.66E-10	-0.738962574826522
-450	-4.20E-10	-0.66736260910484
-449	-3.65E-10	-0.591667908465795
-448	-3.06E-10	-0.514170653520817
-447	-2.41E-10	-0.436677542094099
-446	-1.76E-10	-0.360343203903523
-445	-1.09E-10	-0.285712646989902
-444	-4.17E-11	-0.212861879608001
-443	2.46E-11	-0.14155080408323
-442	9.14E-11	-0.071348375142603
-441	1.58E-10	-0.001721527935411
-440	2.24E-10	0.067905595034724
-439	2.92E-10	0.138108878141125
-438	3.62E-10	0.209421465900699
-437	4.33E-10	0.28227453394383
-436	5.08E-10	0.356908352702098
-435	5.87E-10	0.433247110724734
-434	6.71E-10	0.510745989677528
-433	7.60E-10	0.588250497527878
-432	8.56E-10	0.663953976577995
-431	9.59E-10	0.735564165113298
-430	1.07E-09	0.800726151281881
-429	1.18E-09	0.857578410614322
-428	1.29E-09	0.905173552381254
-427	1.40E-09	0.943556912961621
-426	1.50E-09	0.973526831074764
-425	1.60E-09	0.996266559455265
-424	1.68E-09	1.01302347146319
-423	1.75E-09	1.02490636273216
-422	1.81E-09	1.03279024263399
-421	1.85E-09	1.03728969623834
-420	1.87E-09	1.03876477276172
-419	1.88E-09	1.03733435344109
-418	1.87E-09	1.03288226914732
-417	1.85E-09	1.0250511857191
-416	1.82E-09	1.01322925468233
-415	1.79E-09	0.996544265669884
-414	1.76E-09	0.973890346656577
-413	1.73E-09	0.944023255673297
-412	1.69E-09	0.905763186075263
-411	1.66E-09	0.858315688525472
-410	1.64E-09	0.801639888877245
-409	1.61E-09	0.736688302541618
-408	1.58E-09	0.66532825048261
-407	1.54E-09	0.589921049213246
-406	1.50E-09	0.512765892796197
-405	1.46E-09	0.435676870178852
-404	1.42E-09	0.359816451629845
-403	1.36E-09	0.285738098459222
-402	1.31E-09	0.213527109755759
-401	1.25E-09	0.142953792276771
-400	1.19E-09	0.073598949907269
-399	1.12E-09	0.004943156157025
-398	1.06E-09	-0.063573765714227
-397	1.00E-09	-0.132509929619679
-396	9.41E-10	-0.202378806283192
-395	8.85E-10	-0.273590319131432
-394	8.32E-10	-0.34636223901667
-393	7.80E-10	-0.420595240759642
-392	7.28E-10	-0.495719991243237
-391	6.74E-10	-0.570556042353535
-390	6.16E-10	-0.643268106689051
-389	5.52E-10	-0.711530402447654
-388	4.80E-10	-0.77294683048547
-387	4.02E-10	-0.82560489738952
-386	3.18E-10	-0.86849632479979
-385	2.31E-10	-0.901597766117372
-384	1.42E-10	-0.925634535015847
-383	5.30E-11	-0.941716116155406
-382	-3.30E-11	-0.95101847279771
-381	-1.15E-10	-0.954583759845391
-380	-1.91E-10	-0.953226738897473
-379	-2.59E-10	-0.947509244552389
-378	-3.16E-10	-0.937748454331251
-377	-3.62E-10	-0.924038282589877
-376	-3.96E-10	-0.906275038817064
-375	-4.20E-10	-0.884186384356211
-374	-4.34E-10	-0.857368279661727
-373	-4.40E-10	-0.825340150569072
-372	-4.39E-10	-0.787633641830688
-371	-4.32E-10	-0.743930486419526
-370	-4.20E-10	-0.694250378516193
-369	-4.01E-10	-0.639149553812781
-368	-3.78E-10	-0.579833003696251
-367	-3.50E-10	-0.518061186278571
-366	-3.19E-10	-0.455817335841273
-365	-2.85E-10	-0.394868041229553
-364	-2.50E-10	-0.336435627899124
-363	-2.14E-10	-0.281105818490851
-362	-1.79E-10	-0.228930037250221
-361	-1.44E-10	-0.179604432149367
-360	-1.11E-10	-0.132633153472789
-359	-7.87E-11	-0.087439545104237
-358	-4.73E-11	-0.043426466003064
-357	-1.64E-11	-3.92E-07
-356	1.39E-11	0.043425682421728
-355	4.45E-11	0.087438761177605
-354	7.58E-11	0.132632368860152
-353	1.08E-10	0.17960364666635
-352	1.42E-10	0.228929250734477
-351	1.78E-10	0.281105030725896
-350	2.18E-10	0.336434838833392
-349	2.62E-10	0.394867251007494
-348	3.10E-10	0.455816544708553
-347	3.63E-10	0.518060394670497
-346	4.21E-10	0.579832212179233
-345	4.83E-10	0.639148763156932
-344	5.45E-10	0.694249589377766
-343	6.09E-10	0.743929699407137
-342	6.69E-10	0.787632857393002
-341	7.26E-10	0.825339368979302
-340	7.79E-10	0.857367501049147
-339	8.25E-10	0.884185608695342
-338	8.65E-10	0.906274265906751
-337	8.99E-10	0.924037512054516
-336	9.28E-10	0.937747685672483
-335	9.51E-10	0.947508477129479
-334	9.70E-10	0.953225972014773
-333	9.85E-10	0.954582992767051
-332	9.98E-10	0.951017704756319
-331	1.01E-09	0.94171534632208
-330	1.02E-09	0.92563376252301
-329	1.03E-09	0.901596989993888
-328	1.03E-09	0.868495544029646
-327	1.03E-09	0.825604111030837
-326	1.03E-09	0.77294603769611
-325	1.02E-09	0.711529602673413
-324	1.00E-09	0.643267299816581
-323	9.72E-10	0.570555228549948
-322	9.35E-10	0.495719170905927
-321	8.89E-10	0.420594414483913
-320	8.35E-10	0.346361407499189
-319	7.75E-10	0.273589483033335
-318	7.10E-10	0.202377966314407
-317	6.40E-10	0.132509086373418
-316	5.68E-10	0.063572919800101
-315	4.95E-10	-0.004944004043453
-314	4.23E-10	-0.073599799141925
-313	3.54E-10	-0.142954642101792
-312	2.89E-10	-0.213527959486884
-311	2.29E-10	-0.285738947495847
-310	1.74E-10	-0.359817299155765
-309	1.23E-10	-0.435677715569831
-308	7.52E-11	-0.512766735415854
-307	2.96E-11	-0.589921888676527
-306	-1.62E-11	-0.66532908657316
-305	-6.37E-11	-0.736689135544495
-304	-1.14E-10	-0.801640719471047
-303	-1.67E-10	-0.858316517712315
-302	-2.22E-10	-0.905764015214567
-301	-2.78E-10	-0.944024086143582
-300	-3.35E-10	-0.973891179795192
-299	-3.92E-10	-0.99654510267112
-298	-4.47E-10	-1.01323009654369
-297	-4.99E-10	-1.02505203328354
-296	-5.49E-10	-1.03288312314321
-295	-5.95E-10	-1.03733521447214
-294	-6.36E-10	-1.03876564134897
-293	-6.72E-10	-1.03729057280988
-292	-7.01E-10	-1.03279112750828
-291	-7.25E-10	-1.02490725614339
-290	-7.41E-10	-1.01302437349517
-289	-7.51E-10	-0.996267470056151
-288	-7.54E-10	-0.973527750062289
-287	-7.49E-10	-0.943557839898861
-286	-7.36E-10	-0.905174486662029
-285	-7.13E-10	-0.857579351461713
-284	-6.80E-10	-0.800727097873767
-283	-6.36E-10	-0.735565116577178
-282	-5.83E-10	-0.663954932108696
-281	-5.22E-10	-0.58825145669955
-280	-4.54E-10	-0.510746952180784
-279	-3.83E-10	-0.433248076651849
-278	-3.09E-10	-0.356909322110961
-277	-2.33E-10	-0.282275507196572
-276	-1.57E-10	-0.209422443293649
-275	-8.11E-11	-0.138109860187834
-274	-5.57E-12	-0.067906582254043
-273	6.92E-11	0.001720535071407
-272	1.43E-10	0.071347376032678
-271	2.16E-10	0.141549798297722
-270	2.88E-10	0.212860866659848
-269	3.60E-10	0.285711626444811
-268	4.32E-10	0.360342175521142
-267	5.07E-10	0.436676505703564
-266	5.84E-10	0.514169609030366
-265	6.66E-10	0.591666856050151
-264	7.54E-10	0.667361549028744
-263	8.49E-10	0.738961507713799
-262	9.50E-10	0.804111992182771
-261	1.06E-09	0.860951653029616
-260	1.16E-09	0.908533166845474
-259	1.27E-09	0.946901751210398
-258	1.37E-09	0.976855420563075
-257	1.47E-09	0.999576925349779
-256	1.55E-09	1.01631300034546
-255	1.63E-09	1.02817169756582
-254	1.68E-09	1.03602718592855
-253	1.72E-09	1.04049309636237
-252	1.75E-09	1.04192837600247
-251	1.76E-09	1.04045062146321
-250	1.75E-09	1.03594217925848
-249	1.73E-09	1.02804403508001
-248	1.71E-09	1.01614247424751
-247	1.68E-09	0.999363226873593
-246	1.65E-09	0.976598127610301
-245	1.62E-09	0.94660032617275
-244	1.59E-09	0.908186971171668
-243	1.57E-09	0.860559984212934
-242	1.54E-09	0.80367414345888
-241	1.52E-09	0.738476837707582
-240	1.49E-09	0.666829538395622
-239	1.46E-09	0.591087130286781
-238	1.42E-09	0.513541924377015
-237	1.38E-09	0.436000712778807
-236	1.34E-09	0.359618182953985
-235	1.29E-09	0.284939379758374
-234	1.23E-09	0.212040350996467
-233	1.18E-09	0.140681066462884
-232	1.12E-09	0.070430597029512
-231	1.05E-09	0.000756050937015
-230	9.93E-10	-0.068918209689392
-229	9.33E-10	-0.13916782749221
-228	8.78E-10	-0.210525708769581
-227	8.26E-10	-0.283422807719144
-226	7.78E-10	-0.358099188130633
-225	7.32E-10	-0.434478838248783
-224	6.88E-10	-0.512016739301313
-223	6.42E-10	-0.589558199153228
-222	5.91E-10	-0.66529636799532
-221	5.34E-10	-0.736938806831274
-220	4.69E-10	-0.802130436654823
-219	3.96E-10	-0.859009555290561
-218	3.15E-10	-0.90662855263456
-217	2.28E-10	-0.945032476312233
-216	1.37E-10	-0.975019293524828
-215	4.50E-11	-0.997771802361244
-214	-4.70E-11	-1.01453684268001
-213	-1.37E-10	-1.02642259602365
-212	-2.23E-10	-1.03430336100848
-211	-3.03E-10	-1.03879288092576
-210	-3.76E-10	-1.04025018541418
-209	-4.40E-10	-1.03879291707422
-208	-4.94E-10	-1.03430343322784
-207	-5.38E-10	-1.02642270417883
-206	-5.74E-10	-1.0145369865458
-205	-6.02E-10	-0.997771981648147
-204	-6.21E-10	-0.975019507853523
-203	-6.32E-10	-0.945032725220953
-202	-6.33E-10	-0.906628835525847
-201	-6.23E-10	-0.859009871503726
-200	-6.02E-10	-0.802130785550005
-199	-5.67E-10	-0.736939187926712
-198	-5.21E-10	-0.665296780923774
-197	-4.65E-10	-0.589558643888248
-196	-4.00E-10	-0.512017215933383
-195	-3.29E-10	-0.434479347204335
-194	-2.53E-10	-0.358099729760844
-193	-1.74E-10	-0.283423382855571
-192	-9.24E-11	-0.210526318010461
-191	-9.09E-12	-0.139168471506061
-190	7.54E-11	-0.06891888935796
-189	1.61E-10	0.000755334969147
-188	2.46E-10	0.07042984401345
-187	3.32E-10	0.14068027584292
-186	4.19E-10	0.21203952224505
-185	5.06E-10	0.284938512572517
-184	5.95E-10	0.359617276978394
-183	6.85E-10	0.435999767808726
-182	7.78E-10	0.513540940451432
-181	8.74E-10	0.59108610745394
-180	9.75E-10	0.666828477122198
-179	1.08E-09	0.73847573867776
-178	1.19E-09	0.803673007681633
-177	1.30E-09	0.860558812779251
-176	1.40E-09	0.908185765052855
-175	1.51E-09	0.946599086290952
-174	1.60E-09	0.976596854514898
-173	1.69E-09	0.999361920882936
-172	1.76E-09	1.01614113535918
-171	1.82E-09	1.02804266311127
-170	1.87E-09	1.03594077381826
-169	1.90E-09	1.04044918202682
-168	1.91E-09	1.04192690192078
-167	1.90E-09	1.04049158687749
-166	1.88E-09	1.03602564014827
-165	1.86E-09	1.02817011443338
-164	1.82E-09	1.01631137856848
-163	1.78E-09	0.999575263355147
-162	1.74E-09	0.976853716467828
-161	1.71E-09	0.946900002783709
-160	1.67E-09	0.90853137167389
-159	1.64E-09	0.86094980843166
-158	1.60E-09	0.804110095735931
-157	1.57E-09	0.738959557375366
-156	1.54E-09	0.667359543257824
-155	1.50E-09	0.59166479400456
-154	1.46E-09	0.514167490678902
-153	1.41E-09	0.436674331208548
-152	1.36E-09	0.360339945571099
-151	1.31E-09	0.285709341524298
-150	1.25E-09	0.212858527479568
-149	1.19E-09	0.141547405630542
-148	1.12E-09	0.071344930736129
-147	1.06E-09	0.001718037992404
-146	9.90E-10	-0.06790913008001
-145	9.26E-10	-0.138112457539653
-144	8.66E-10	-0.209425088925363
-143	8.09E-10	-0.282278199674844
-142	7.57E-10	-0.356912060034415
-141	7.07E-10	-0.433250858464421
-140	6.58E-10	-0.510749776582603
-139	6.08E-10	-0.588254322288675
-138	5.56E-10	-0.663957838031561
-137	4.97E-10	-0.735568062364755
-136	4.32E-10	-0.800730083941801
-135	3.61E-10	-0.857582378703165
-134	2.84E-10	-0.905177556621149
-133	2.02E-10	-0.943560954422246
-132	1.19E-10	-0.973530911074565
-131	3.44E-11	-0.99627067954001
-130	-4.89E-11	-1.0130276331812
-129	-1.30E-10	-1.02491056762886
-128	-2.07E-10	-1.03279449218857
-127	-2.78E-10	-1.03729399191031
-126	-3.43E-10	-1.03876911592478
-125	-3.99E-10	-1.03733874542332
-124	-4.47E-10	-1.03288671125608
-123	-4.87E-10	-1.02505567927479
-122	-5.18E-10	-1.01323380105268
-121	-5.42E-10	-0.996548866377095
-120	-5.58E-10	-0.973895003286957
-119	-5.66E-10	-0.944027969909617
-118	-5.64E-10	-0.905767959586917
-117	-5.53E-10	-0.85832052258459
-116	-5.30E-10	-0.801644784335282
-115	-4.95E-10	-0.736693259126255
-114	-4.49E-10	-0.665333267127357
-113	-3.93E-10	-0.589926123692676
-112	-3.30E-10	-0.512771022034687
-111	-2.62E-10	-0.435682050660734
-110	-1.91E-10	-0.3598216792314
-109	-1.17E-10	-0.285743369127732
-108	-4.25E-11	-0.213532419069642
-107	3.30E-11	-0.142959135732728
-106	1.09E-10	-0.07360432279038
-105	1.84E-10	-0.004948553276638
-104	2.60E-10	0.06356834980907
-103	3.35E-10	0.132504500946693
-102	4.10E-10	0.202373371578185
-101	4.85E-10	0.273584885579488
-100	5.61E-10	0.346356814504645
-99	6.37E-10	0.420589833790873
-98	7.15E-10	0.495714610666821
-97	7.95E-10	0.570550697440558
-96	8.78E-10	0.643262806676214
-95	9.62E-10	0.711525156495432
-94	1.05E-09	0.772941647512895
-93	1.13E-09	0.825599786196318
-92	1.22E-09	0.868491294129257
-91	1.30E-09	0.901592825251723
-90	1.37E-09	0.925629693998843
-89	1.43E-09	0.941711385989631
-88	1.47E-09	0.951013865664692
-87	1.51E-09	0.954579289072025
-86	1.52E-09	0.953222419065489
-85	1.52E-09	0.947505091569846
-84	1.50E-09	0.93774448567179
-83	1.46E-09	0.924034517635
-82	1.41E-09	0.90627149930554
-81	1.34E-09	0.884183094863888
-80	1.27E-09	0.857365267904154
-79	1.19E-09	0.825337447751563
-78	1.11E-09	0.787631282934407
-77	1.03E-09	0.743928510398243
-76	9.50E-10	0.694248828506931
-75	8.79E-10	0.639148477401766
-74	8.13E-10	0.579832452799712
-73	7.55E-10	0.518061217189041
-72	7.05E-10	0.455818008971549
-71	6.63E-10	0.394869421368833
-70	6.28E-10	0.336437784428824
-69	6.00E-10	0.281108825845496
-68	5.77E-10	0.22893397557111
-67	5.59E-10	0.179609387852388
-66	5.46E-10	0.132639219870254
-65	5.35E-10	0.087446823030472
-64	5.28E-10	0.043435064253205
-63	5.23E-10	1.04E-05
-62	5.20E-10	-0.043414083018651
-61	5.18E-10	-0.087425463182865
-60	5.17E-10	-0.132617228384338
-59	5.15E-10	-0.17958651127235
-58	5.11E-10	-0.228909960200671
-57	5.05E-10	-0.281083418262156
-56	4.93E-10	-0.336410732872988
-55	4.75E-10	-0.394840476659881
-54	4.47E-10	-0.455786925024154
-53	4.07E-10	-0.518027749727228
-52	3.56E-10	-0.579796355690522
-51	2.93E-10	-0.639109497235301
-50	2.20E-10	-0.6942066991349
-49	1.40E-10	-0.743882948847757
-48	5.46E-11	-0.787581989055384
-47	-3.29E-11	-0.825284106130743
-46	-1.20E-10	-0.857307552252125
-45	-2.06E-10	-0.88412067357875
-44	-2.89E-10	-0.906204041335077
-43	-3.67E-10	-0.923961697418948
-42	-4.39E-10	-0.937665986220293
-41	-5.06E-10	-0.947420605319409
-40	-5.67E-10	-0.953131648076055
-39	-6.22E-10	-0.954481947350654
-38	-6.71E-10	-0.950909686400639
-37	-7.16E-10	-0.941600135747918
-36	-7.55E-10	-0.925511195287235
-35	-7.89E-10	-0.901466989269175
-34	-8.17E-10	-0.868358166103319
-33	-8.37E-10	-0.825459605406692
-32	-8.47E-10	-0.772794921699083
-31	-8.45E-10	-0.711372745947638
-30	-8.32E-10	-0.643106011833302
-29	-8.08E-10	-0.570391346971177
-28	-7.75E-10	-0.495555155058083
-27	-7.33E-10	-0.420433457065561
-26	-6.85E-10	-0.346207578156823
-25	-6.32E-10	-0.273447915454689
-24	-5.75E-10	-0.202255096431699
-23	-5.16E-10	-0.132412941018881
-22	-4.56E-10	-0.063513434847573
-21	-3.94E-10	0.004954690413905
-20	-3.31E-10	0.073547173891612
-19	-2.69E-10	0.142821893605343
-18	-2.07E-10	0.213296447046597
-17	-1.46E-10	0.285389234928158
-16	-8.57E-11	0.35933097657258
-15	-2.61E-11	0.435040273239252
-14	3.30E-11	0.511971668400676
-13	9.20E-11	0.588975828995084
-12	1.51E-10	0.66425697217839
-11	2.08E-10	0.735537458958971
-10	2.65E-10	0.800476570843749
-9	3.18E-10	0.857221354429208
-8	3.68E-10	0.904823497245366
-7	4.12E-10	0.943316975960793
-6	4.49E-10	0.973479828973847
-5	4.79E-10	0.996468275802091
-4	5.00E-10	1.01349761701198
-3	5.11E-10	1.02564083183482
-2	5.08E-10	1.03373543361826
-1	4.91E-10	1.03836094735168
0	4.58E-10	1.03985103068941
1	4.09E-10	1.03831302416525
2	3.44E-10	1.03363673256284
3	2.66E-10	1.02548567995526
4	1.76E-10	1.0132775677491
5	7.88E-11	0.996172125006196
6	-2.53E-11	0.973093571763243
7	-1.34E-10	0.942823678310773
8	-2.46E-10	0.904203049896504
9	-3.59E-10	0.856450068530815
10	-4.71E-10	0.799526587374998
11	-5.80E-10	0.734375995345642
12	-6.84E-10	0.662845501077172
13	-7.82E-10	0.587269311078042
14	-8.75E-10	0.509917907949121
15	-9.64E-10	0.432579371551761
16	-1.05E-09	0.356394795643842
17	-1.13E-09	0.281900777730763
18	-1.21E-09	0.209169068779345
19	-1.28E-09	0.137958264344102
20	-1.35E-09	0.067837918943489
21	-1.42E-09	-0.001723316564639
22	-1.49E-09	-0.071299039944061
23	-1.55E-09	-0.141462732795955
24	-1.60E-09	-0.212745248522378
25	-1.65E-09	-0.285575710326318
26	-1.69E-09	-0.36019260973804
27	-1.72E-09	-0.436518619163217
28	-1.75E-09	-0.514007649220094
29	-1.77E-09	-0.591504175159627
30	-1.78E-09	-0.667200747752564
31	-1.78E-09	-0.7388045467136
32	-1.77E-09	-0.80396028663019
33	-1.76E-09	-0.860806161978242
34	-1.74E-09	-0.908394483179187
35	-1.72E-09	-0.946770188090619
36	-1.70E-09	-0.976731088247172
37	-1.67E-09	-0.999459793103434
38	-1.64E-09	-1.01620294312508
39	-1.61E-09	-1.02806852980549
40	-1.58E-09	-1.03593068482497
41	-1.53E-09	-1.04040301675568
42	-1.48E-09	-1.04184445829726
43	-1.43E-09	-1.04037259472368
44	-1.36E-09	-1.0358697622425
45	-1.29E-09	-1.02797693790747
46	-1.22E-09	-1.01608040208407
47	-1.15E-09	-0.999305885380594
48	-1.09E-09	-0.976545229138611
49	-1.02E-09	-0.946551595643966
50	-9.63E-10	-0.908142150687672
51	-9.12E-10	-0.860518835692306
52	-8.70E-10	-0.803636448488827
53	-8.34E-10	-0.73844239471278
54	-8.06E-10	-0.666798158244843
55	-7.81E-10	-0.591058631717845
56	-7.57E-10	-0.513516130960929
57	-7.32E-10	-0.435977452361725
58	-7.01E-10	-0.359597288707128
59	-6.66E-10	-0.284920691228633
60	-6.23E-10	-0.212023715519499
61	-5.74E-10	-0.14066633988555
62	-5.19E-10	-0.07041764360961
63	-4.60E-10	-0.000744742701198
64	-3.99E-10	0.068927993770114
65	-3.36E-10	0.139176202254636
66	-2.74E-10	0.210532783412233
67	-2.13E-10	0.283428685545786
68	-1.54E-10	0.358103966574354
69	-9.76E-11	0.434482608668638
70	-4.28E-11	0.5120195866348
71	1.02E-11	0.589560202369322
72	6.18E-11	0.665297600017819
73	1.12E-10	0.736939334769593
74	1.61E-10	0.802130321983865
75	2.09E-10	0.859008854349084
76	2.55E-10	0.906627316755717
77	3.00E-10	0.945030752354695
78	3.44E-10	0.975017124127082
79	3.85E-10	0.997769226329685
80	4.23E-10	1.01453389516673
81	4.58E-10	1.02641930864736
82	4.88E-10	1.03429976200815
83	5.11E-10	1.03878899543195
84	5.27E-10	1.0402460357396
85	5.33E-10	1.03878852321191
86	5.28E-10	1.03429881334497
87	5.12E-10	1.02641787503018
88	4.86E-10	1.01453196367766
89	4.49E-10	0.997766779510908
90	4.02E-10	0.975014139792257
91	3.46E-10	0.945027203512212
92	2.84E-10	0.906623171426829
93	2.16E-10	0.859004075700524
94	1.44E-10	0.802124868197332
95	7.18E-11	0.736933159183488
96	-6.00E-13	0.66529065111325
97	-7.16E-11	0.589552423339991
98	-1.40E-10	0.512010915202128
99	-2.06E-10	0.434472976399403
100	-2.68E-10	0.35809329872048
101	-3.27E-10	0.283416900538646
102	-3.84E-10	0.210519792850691
103	-4.40E-10	0.139161911190542
104	-4.95E-10	0.068912300719529
105	-5.51E-10	-0.000761945691721
106	-6.08E-10	-0.070436471180904
107	-6.66E-10	-0.140686914228527
108	-7.26E-10	-0.212046166974061
109	-7.87E-10	-0.284945158857171
110	-8.49E-10	-0.359623920199979
111	-9.10E-10	-0.436006403340912
112	-9.71E-10	-0.513547563726323
113	-1.03E-09	-0.591092714079913
114	-1.08E-09	-0.666835063005901
115	-1.13E-09	-0.738482300638927
116	-1.17E-09	-0.803679543276638
117	-1.20E-09	-0.860565320657411
118	-1.22E-09	-0.908192245130297
119	-1.23E-09	-0.946605539146164
120	-1.23E-09	-0.976603281402279
121	-1.23E-09	-0.99936832337478
122	-1.22E-09	-1.01614751524117
123	-1.19E-09	-1.0280490222316
124	-1.17E-09	-1.03594711405324
125	-1.13E-09	-1.04045550531163
126	-1.09E-09	-1.04193321027972
127	-1.04E-09	-1.04049788246949
128	-9.83E-10	-1.03603192532464
129	-9.25E-10	-1.02817639179252
130	-8.66E-10	-1.016317651005
131	-8.07E-10	-0.999581534125808
132	-7.50E-10	-0.976859989122404
133	-6.96E-10	-0.94690628123246
134	-6.47E-10	-0.908537659842951
135	-6.03E-10	-0.860956110200433
136	-5.65E-10	-0.804116414249001
137	-5.33E-10	-0.738965894728915
138	-5.05E-10	-0.66736590045417
139	-4.81E-10	-0.591671170713066
140	-4.56E-10	-0.514173885659488
141	-4.30E-10	-0.436680742596691
142	-4.00E-10	-0.360346371301263
143	-3.65E-10	-0.285715779636397
144	-3.25E-10	-0.212864975966305
145	-2.79E-10	-0.141553862679975
146	-2.29E-10	-0.071351394644507
147	-1.75E-10	-0.001724507095549
148	-1.18E-10	0.067902657287778
149	-5.93E-11	0.138105982771082
150	-6.92E-13	0.209418613800804
151	5.72E-11	0.282271726071047
152	1.14E-10	0.356905589814671
153	1.68E-10	0.433244393788099
154	2.20E-10	0.510743319608168
155	2.69E-10	0.588247875145524
156	3.16E-10	0.663951402251473
157	3.59E-10	0.735561638804667
158	3.99E-10	0.800723672238055
159	4.36E-10	0.857575977314318
160	4.69E-10	0.905171162892464
161	5.00E-10	0.94355456501684
162	5.27E-10	0.973524522363117
163	5.52E-10	0.996264287740775
164	5.73E-10	1.01302123471635
165	5.89E-10	1.02490415904817
166	6.00E-10	1.03278807022726
167	6.04E-10	1.03728755338968
168	5.99E-10	1.03876265777615
169	5.85E-10	1.03733226467766
170	5.60E-10	1.03288020506459
171	5.26E-10	1.02504914493608
172	4.82E-10	1.01322723600124
173	4.29E-10	0.99654226811207
174	3.68E-10	0.97388836949314
175	3.02E-10	0.944021298431029
176	2.33E-10	0.905761248608097
177	1.62E-10	0.85831377098667
178	9.26E-11	0.801637991844204
179	2.68E-11	0.736686426701159
180	-3.40E-11	0.665326396920184
181	-8.91E-11	0.58991921877456
182	-1.38E-10	0.512764086383577
183	-1.82E-10	0.435675088494216
184	-2.20E-10	0.359814695047136
185	-2.55E-10	0.285736367493934
186	-2.88E-10	0.213525404524592
187	-3.19E-10	0.142952112968492
188	-3.52E-10	0.073597296434818
189	-3.87E-10	0.004941528353479
190	-4.25E-10	-0.06357536812036
191	-4.68E-10	-0.132511507027077
192	-5.14E-10	-0.202380359198997
193	-5.64E-10	-0.273591847916852
194	-6.16E-10	-0.346363744106595
195	-6.70E-10	-0.420596722467681
196	-7.24E-10	-0.49572144984171
197	-7.76E-10	-0.570557478049209
198	-8.22E-10	-0.643269519627211
199	-8.62E-10	-0.711531792845866
200	-8.91E-10	-0.772948198544449
201	-9.10E-10	-0.825606243371039
202	-9.16E-10	-0.868497648993608
203	-9.13E-10	-0.901599068923093
204	-8.99E-10	-0.925635816871461
205	-8.77E-10	-0.941717377454712
206	-8.48E-10	-0.951019713932448
207	-8.13E-10	-0.954584981113026
208	-7.73E-10	-0.953227940507786
209	-7.28E-10	-0.947510426598442
210	-6.80E-10	-0.937749616826036
211	-6.28E-10	-0.924039425495223
212	-5.74E-10	-0.906276162137445
213	-5.18E-10	-0.884187488137314
214	-4.61E-10	-0.857369364027254
215	-4.02E-10	-0.825341215707164
216	-3.43E-10	-0.787634688007947
217	-2.85E-10	-0.743931513960579
218	-2.30E-10	-0.694251387825047
219	-1.78E-10	-0.639150545367266
220	-1.31E-10	-0.579833978130995
221	-9.04E-11	-0.518062144313055
222	-5.66E-11	-0.455818278163001
223	-2.93E-11	-0.394868968508005
224	-7.65E-12	-0.336436540703128
225	8.90E-12	-0.281106717313897
226	2.17E-11	-0.228930922435376
227	3.17E-11	-0.179605303934315
228	3.94E-11	-0.132634012000152
229	4.57E-11	-0.087440390510738
230	5.10E-11	-0.043427298285108
231	5.57E-11	-1.21E-06
232	6.02E-11	0.043424876244224
233	6.48E-11	0.087437967975361
234	6.98E-11	0.132631588637742
235	7.58E-11	0.179602879329295
236	8.30E-11	0.228928496114416
237	9.19E-11	0.281104288707161
238	1.03E-10	0.336434109200257
239	1.18E-10	0.394866533370452
240	1.35E-10	0.455815838734435
241	1.58E-10	0.518059699961026
242	1.84E-10	0.579831528396876
243	2.15E-10	0.639148089849008
244	2.49E-10	0.69424892640467
245	2.86E-10	0.743929046513232
246	3.26E-10	0.787632214498734
247	3.65E-10	0.825338735996442
248	4.03E-10	0.857366877902143
249	4.39E-10	0.884184995271843
250	4.69E-10	0.90627366206396
251	4.92E-10	0.924036917566893
252	5.05E-10	0.937747100273829
253	5.08E-10	0.947507900527257
254	4.99E-10	0.953225403916491
255	4.79E-10	0.954582432939269
256	4.48E-10	0.951017153047896
257	4.08E-10	0.941714802677157
258	3.61E-10	0.925633226991657
259	3.08E-10	0.901596462761109
260	2.51E-10	0.868495025428915
261	1.92E-10	0.825603601422727
262	1.33E-10	0.772945537567529
263	7.47E-11	0.711529112598825
264	1.83E-11	0.643266820139136
265	-3.62E-11	0.570554759714149
266	-8.89E-11	0.495718713049036
267	-1.40E-10	0.420593967927477
268	-1.90E-10	0.346360972143068
269	-2.40E-10	0.273589058969724
270	-2.89E-10	0.202377553393749
271	-3.39E-10	0.132508684531672
272	-3.90E-10	0.063572528868193
273	-4.42E-10	-0.004944384410095
274	-4.97E-10	-0.073600169294773
275	-5.55E-10	-0.142955002578155
276	-6.14E-10	-0.213528310793298
277	-6.75E-10	-0.285739290061792
278	-7.37E-10	-0.359817633426827
279	-8.00E-10	-0.43567804202359
280	-8.63E-10	-0.512767054211929
281	-9.25E-10	-0.589922199920579
282	-9.85E-10	-0.665329390154117
283	-1.04E-09	-0.736689430964615
284	-1.08E-09	-0.801641006257454
285	-1.12E-09	-0.858316795154301
286	-1.15E-09	-0.905764282490012
287	-1.17E-09	-0.944024342508978
288	-1.17E-09	-0.973891424650685
289	-1.17E-09	-0.996545335516296
290	-1.16E-09	-1.0132303170341
291	-1.14E-09	-1.02505224119041
292	-1.12E-09	-1.03288331828088
293	-1.08E-09	-1.03733539676297
294	-1.03E-09	-1.03876581078699
295	-9.80E-10	-1.03729072947559
296	-9.19E-10	-1.03279127158773
297	-8.53E-10	-1.02490738791962
298	-7.83E-10	-1.01302449337573
299	-7.12E-10	-0.996267578597967
300	-6.42E-10	-0.97352784790841
301	-5.74E-10	-0.943557927923408
302	-5.10E-10	-0.905174565855873
303	-4.52E-10	-0.857579422896523
304	-4.00E-10	-0.800727162534214
305	-3.57E-10	-0.735565175379145
306	-3.20E-10	-0.663954985632562
307	-2.89E-10	-0.58825150523779
308	-2.61E-10	-0.510746995607414
309	-2.33E-10	-0.433248114606583
310	-2.05E-10	-0.356909354310296
311	-1.73E-10	-0.282275532948202
312	-1.38E-10	-0.209422462092848
313	-9.87E-11	-0.138109871310667
314	-5.48E-11	-0.067906585213378
315	-7.95E-12	0.00172054091835
316	4.17E-11	0.07134739128116
317	9.29E-11	0.141549823508122
318	1.44E-10	0.212860902302495
319	1.95E-10	0.285711673144193
320	2.44E-10	0.360342233674406
321	2.92E-10	0.436676575687419
322	3.38E-10	0.514169691429377
323	3.81E-10	0.591666951120363
324	4.21E-10	0.667361657152365
325	4.58E-10	0.738961628849149
326	4.93E-10	0.804112126166335
327	5.25E-10	0.860951799384995
328	5.55E-10	0.908533325059803
329	5.83E-10	0.946901920642718
330	6.09E-10	0.976855600666902
331	6.32E-10	0.999577115581958
332	6.53E-10	1.01631320026506
333	6.70E-10	1.02817190677313
334	6.81E-10	1.03602740399934
335	6.85E-10	1.04049332285125
336	6.80E-10	1.041928610419
337	6.65E-10	1.04045086334601
338	6.39E-10	1.03594242824863
339	6.02E-10	1.02804429100595
340	5.55E-10	1.01614273716362
341	4.97E-10	0.999363497120766
342	4.31E-10	0.976598405755038
343	3.59E-10	0.946600613043048
344	2.82E-10	0.908187267918358
345	2.03E-10	0.860560292102756
346	1.23E-10	0.803674463860994
347	4.46E-11	0.738477171866226
348	-3.05E-11	0.66682988753877
349	-1.02E-10	0.591087495253856
350	-1.70E-10	0.513542305591884
351	-2.34E-10	0.436001110440997
352	-2.95E-10	0.359618597147304
353	-3.54E-10	0.28493981022827
354	-4.11E-10	0.212040797591848
355	-4.67E-10	0.140681528806495
356	-5.23E-10	0.070431074732514
357	-5.80E-10	0.000756543459521
358	-6.38E-10	-0.068917703120302
359	-6.99E-10	-0.139167307436361
360	-7.61E-10	-0.210525176142116
361	-8.25E-10	-0.283422263158193
362	-8.90E-10	-0.358098632403901
363	-9.56E-10	-0.43447827201642
364	-1.02E-09	-0.512016162955575
365	-1.08E-09	-0.589557613057407
366	-1.14E-09	-0.665295772159824
367	-1.20E-09	-0.736938200953613
368	-1.24E-09	-0.802129819962931
369	-1.27E-09	-0.859008926817858
370	-1.30E-09	-0.906627911193733
371	-1.31E-09	-0.945031820666496
372	-1.31E-09	-0.975018622508156
373	-1.31E-09	-0.997771114922037
374	-1.29E-09	-1.0145361379058
375	-1.27E-09	-1.02642187311097
376	-1.24E-09	-1.03430261928085
377	-1.19E-09	-1.03879211980042
378	-1.14E-09	-1.04024940440499
379	-1.08E-09	-1.03879211578039
380	-1.02E-09	-1.03430261133407
381	-9.52E-10	-1.02642186144201
382	-8.81E-10	-1.0145361228151
383	-8.09E-10	-0.997771096825499
384	-7.39E-10	-0.97501860196891
385	-6.71E-10	-0.945031798446799
386	-6.08E-10	-0.906627888107212
387	-5.51E-10	-0.859008903803795
388	-5.00E-10	-0.802129798074425
389	-4.56E-10	-0.736938181090054
390	-4.18E-10	-0.665295754989454
391	-3.84E-10	-0.58955759896945
392	-3.53E-10	-0.512016151985548
393	-3.21E-10	-0.434478264057331
394	-2.87E-10	-0.358098627073071
395	-2.50E-10	-0.283422259973439
396	-2.09E-10	-0.210525174523078
397	-1.64E-10	-0.13916730686969
398	-1.16E-10	-0.068917702870762
399	-6.47E-11	0.000756543842677
400	-1.17E-11	0.070431075855763
401	4.05E-11	0.140681531087367
402	9.18E-11	0.212040801370603
403	1.42E-10	0.284939815817255
404	1.89E-10	0.359618604563913
405	2.33E-10	0.436001120051675
406	2.75E-10	0.513542317439166
407	3.13E-10	0.591087509266194
408	3.50E-10	0.666829903816695
409	3.84E-10	0.738477190119613
410	4.15E-10	0.803674483769926
411	4.45E-10	0.860560313294762
412	4.72E-10	0.90818728996137
413	4.98E-10	0.946600635503583
414	5.23E-10	0.97659842824264
415	5.46E-10	0.999363519366818
416	5.67E-10	1.01614275899001
417	5.84E-10	1.02804431228785
418	5.96E-10	1.03594244891025
419	6.01E-10	1.04045088336191
420	5.98E-10	1.04192862979209
421	5.86E-10	1.04049334160578
422	5.64E-10	1.03602742217824
423	5.31E-10	1.02817192445285
424	4.88E-10	1.01631321755973
425	4.36E-10	0.999577132678472
426	3.76E-10	0.976855617796232
427	3.09E-10	0.946901938189018
428	2.36E-10	0.908533343457004
429	1.62E-10	0.860951819105666
430	8.51E-11	0.804112147764669
431	1.07E-11	0.738961652758973
432	-6.24E-11	0.667361683704608
433	-1.32E-10	0.591666980447551
434	-1.98E-10	0.514169723688702
435	-2.61E-10	0.436676610724146
436	-3.20E-10	0.360342271395896
437	-3.77E-10	0.285711713379711
438	-4.31E-10	0.212860944917585
439	-4.84E-10	0.141549868203496
440	-5.37E-10	0.071347437756947
441	-5.90E-10	0.001720588802229
442	-6.45E-10	-0.067906536361257
443	-7.01E-10	-0.138109822118134
444	-7.59E-10	-0.20942241301338
445	-8.17E-10	-0.2822754846994
446	-8.78E-10	-0.356909307238967
447	-9.38E-10	-0.43324806928616
448	-9.98E-10	-0.510746952260222
449	-1.05E-09	-0.588251464026847
450	-1.11E-09	-0.663954946491459
451	-1.15E-09	-0.735565137913515
452	-1.19E-09	-0.800727126124417
453	-1.22E-09	-0.857579386589095
454	-1.24E-09	-0.905174528705566
455	-1.25E-09	-0.9435578889599
456	-1.25E-09	-0.973527806231613
457	-1.24E-09	-0.996267533450198
458	-1.22E-09	-1.01302444419546
459	-1.20E-09	-1.02490733421173
460	-1.17E-09	-1.0327912129989
461	-1.13E-09	-1.03729066575084
462	-1.09E-09	-1.03876574177036
463	-1.04E-09	-1.03733532238394
464	-9.90E-10	-1.03288323856001
465	-9.35E-10	-1.02505215624119
466	-8.79E-10	-1.01323022705693
467	-8.22E-10	-0.996545240813442
468	-7.65E-10	-0.973891325645326
469	-7.09E-10	-0.944024239778626
470	-6.56E-10	-0.905764176798887
471	-6.06E-10	-0.8583166873079
472	-5.60E-10	-0.801640897220057
473	-5.17E-10	-0.736689321455504
474	-4.78E-10	-0.665329280813971
475	-4.42E-10	-0.589922091247009
476	-4.06E-10	-0.512766946208773
477	-3.69E-10	-0.43567793466483
478	-3.28E-10	-0.359817526359628
479	-2.84E-10	-0.285739182743494
480	-2.34E-10	-0.213528202847951
481	-1.81E-10	-0.142954893436168
482	-1.24E-10	-0.073600058418357
483	-6.38E-11	-0.004944271197702
484	-1.81E-12	0.063572644856549
485	5.98E-11	0.132508803634665
486	1.21E-10	0.2023776759501
487	1.79E-10	0.273589185148291
488	2.35E-10	0.346361102199547
489	2.87E-10	0.420594102042104
490	3.34E-10	0.495718851531989
491	3.76E-10	0.570554902577686
492	4.12E-10	0.643266967559736
493	4.42E-10	0.711529264593746
494	4.64E-10	0.772945694131272
495	4.80E-10	0.825603762434609
496	4.89E-10	0.868495190743727
497	4.94E-10	0.901596632205463
498	4.94E-10	0.925633400347043
499	4.92E-10	0.941714979807801
500	4.87E-10	0.951017333816206
501	4.78E-10	0.954582617239948
502	4.68E-10	0.953225591639062
503	4.54E-10	0.947508091551465
504	4.38E-10	0.937747294452054
505	4.18E-10	0.924037114760346
506	3.94E-10	0.906273862111355
507	3.66E-10	0.884185198102779
508	3.33E-10	0.857367083399501
509	2.94E-10	0.825338944170606
510	2.52E-10	0.787632425422118
511	2.05E-10	0.743929260306765
512	1.53E-10	0.694249143262453
513	1.01E-10	0.63914831010416
514	4.65E-11	0.579831752346072
515	-7.59E-12	0.518059928173147
516	-5.96E-11	0.455816071536471
517	-1.09E-10	0.394866771240365
518	-1.57E-10	0.336434352488553
519	-2.01E-10	0.281104537696181
520	-2.44E-10	0.228928750985132
521	-2.84E-10	0.179603140216992
522	-3.23E-10	0.132631855598713
523	-3.60E-10	0.087438241005091
524	-3.97E-10	0.043425155391209
525	-4.34E-10	-9.26E-07
526	-4.72E-10	-0.043427006945534
527	-5.10E-10	-0.087440093026454
528	-5.50E-10	-0.132633708403081
529	-5.92E-10	-0.179604994126978
530	-6.36E-10	-0.228930606402589
531	-6.83E-10	-0.281106394850983
532	-7.31E-10	-0.336436211591174
533	-7.81E-10	-0.394868632326276
534	-8.33E-10	-0.455817934427088
535	-8.85E-10	-0.518061792485729
536	-9.35E-10	-0.579833617378133
537	-9.84E-10	-0.639150175054429
538	-1.03E-09	-0.694251007258629
539	-1.07E-09	-0.743931122584872
540	-1.10E-09	-0.787634285352804
541	-1.13E-09	-0.825340801394245
542	-1.15E-09	-0.857368937795865
543	-1.16E-09	-0.884187049767294
544	-1.16E-09	-0.906275711550077
545	-1.15E-09	-0.924038962741814
546	-1.12E-09	-0.937749141997196
547	-1.08E-09	-0.947509939868585
548	-1.03E-09	-0.953227442051119
549	-9.75E-10	-0.954584471065139
550	-9.11E-10	-0.951019192370074
551	-8.43E-10	-0.941716844406565
552	-7.74E-10	-0.925635272352257
553	-7.06E-10	-0.901598512931485
554	-6.41E-10	-0.868497081558917
555	-5.81E-10	-0.825605664459675
556	-5.30E-10	-0.772947608214069
557	-4.84E-10	-0.711531191067386
558	-4.47E-10	-0.6432689061937
559	-4.15E-10	-0.57055685277753
560	-3.85E-10	-0.495720812280139
561	-3.56E-10	-0.420596072328096
562	-3.26E-10	-0.346363080778492
563	-2.92E-10	-0.273591170901026
564	-2.55E-10	-0.202379667912239
565	-2.15E-10	-0.132510800974135
566	-1.71E-10	-0.06357464668932
567	-1.24E-10	0.004942265612334
568	-7.61E-11	0.073598049986443
569	-2.90E-11	0.142952882930686
570	1.93E-11	0.21352619117833
571	6.42E-11	0.285737170923097
572	1.07E-10	0.359815515251904
573	1.48E-10	0.435675925421594
574	1.86E-10	0.512764940035275
575	2.22E-10	0.589920089074714
576	2.55E-10	0.665327283576706
577	2.86E-10	0.736687329566482
578	3.14E-10	0.80163891063544
579	3.41E-10	0.858314705577731
580	3.66E-10	0.905762198862928
581	3.89E-10	0.944022264434432
582	4.11E-10	0.973889351430575
583	4.32E-10	0.996543266331571
584	4.50E-10	1.01322825090344
585	4.64E-10	1.02505017706427
586	4.73E-10	1.03288125499105
587	4.76E-10	1.03733333300994
588	4.72E-10	1.03876374515464
589	4.56E-10	1.03728866048144
590	4.32E-10	1.03278919773634
591	3.96E-10	1.02490530775721
592	3.51E-10	1.01302240550618
593	2.96E-10	0.996265481640295
594	2.30E-10	0.973525740553343
595	1.58E-10	0.943555808855341
596	7.88E-11	0.905172433794115
597	-4.35E-12	0.857577276828217
598	-8.89E-11	0.800725001770353
599	-1.71E-10	0.735562999554214
600	-2.52E-10	0.663952794929716
601	-3.29E-10	0.588249300324845
602	-4.02E-10	0.510744777376378
603	-4.70E-10	0.433245884068048
604	-5.31E-10	0.356907112495274
605	-5.89E-10	0.282273280829723
606	-6.42E-10	0.209420200455008
607	-6.91E-10	0.138107601022134
608	-7.40E-10	0.06790430678988
609	-7.86E-10	-0.00172282696812
610	-8.33E-10	-0.071349684459808
611	-8.78E-10	-0.141552123384337
612	-9.26E-10	-0.212863208518745
613	-9.74E-10	-0.285713985162204
614	-1.02E-09	-0.360344550920883
615	-1.07E-09	-0.436678897310456
616	-1.12E-09	-0.514172016569358
617	-1.16E-09	-0.591669278660443
618	-1.21E-09	-0.66736398603402
619	-1.25E-09	-0.738963958062446
620	-1.28E-09	-0.804114455065685
621	-1.31E-09	-0.860954127570509
622	-1.32E-09	-0.908535652697691
623	-1.33E-09	-0.94690424813949
624	-1.34E-09	-0.976857928750786
625	-1.33E-09	-0.999579445164616
626	-1.32E-09	-1.01631553238388
627	-1.30E-09	-1.02817424255008
628	-1.27E-09	-1.03602974469179
629	-1.23E-09	-1.04049566983122
630	-1.19E-09	-1.04193096518531
631	-1.14E-09	-1.04045322746993
632	-1.08E-09	-1.03594480331323
633	-1.02E-09	-1.02804667857617
634	-9.62E-10	-1.01614513875017
635	-8.98E-10	-0.999365914239848
636	-8.33E-10	-0.976600839892712
637	-7.72E-10	-0.94660306577129
638	-7.13E-10	-0.90818974057819
639	-6.56E-10	-0.860562786034608
640	-6.05E-10	-0.803676979941926
641	-5.58E-10	-0.738479710595122
642	-5.16E-10	-0.666832448712641
643	-4.76E-10	-0.591090078287611
644	-4.36E-10	-0.513544909596005
645	-3.99E-10	-0.436003734226773
646	-3.58E-10	-0.359621239596479
647	-3.14E-10	-0.284942470386646
648	-2.67E-10	-0.212043474372802
649	-2.16E-10	-0.14068422156791
650	-1.63E-10	-0.070433782696717
651	-1.08E-10	-0.000759265994403
652	-5.27E-11	0.068914966452
653	2.98E-12	0.139164557232782
654	5.60E-11	0.210522412892925
655	1.08E-10	0.28341948762864
656	1.58E-10	0.358095845207002
657	2.04E-10	0.434475474183815
658	2.47E-10	0.512013355594298
659	2.88E-10	0.58955479738753
660	3.26E-10	0.665292949384044
661	3.61E-10	0.736935372167218
662	3.93E-10	0.8021269860058
663	4.24E-10	0.859006088058088
664	4.54E-10	0.906625067482992
665	4.81E-10	0.945028971467399
666	5.06E-10	0.975015766883508
667	5.31E-10	0.99776825182848
668	5.52E-10	1.01453326610193
669	5.69E-10	1.02641899124787
670	5.81E-10	1.03429972588714
671	5.85E-10	1.03878921328173
672	5.82E-10	1.04024648303696
673	5.66E-10	1.03878917776254
674	5.40E-10	1.03429965483611
675	5.03E-10	1.02641888464351
676	4.55E-10	1.01453312389272
677	3.96E-10	0.997768073973292
678	3.29E-10	0.975015553326125
679	2.53E-10	0.945028722097811
680	1.73E-10	0.906624782254133
681	8.74E-11	0.859005766898633
682	2.41E-12	0.802126628885025
683	-8.04E-11	0.736934979004583
684	-1.62E-10	0.665292520059569
685	-2.37E-10	0.589554331839594
686	-3.08E-10	0.51201285375855
687	-3.76E-10	0.434474935852205
688	-4.35E-10	0.358095270237225
689	-4.90E-10	0.283418875739447
690	-5.44E-10	0.210521763894114
691	-5.93E-10	0.139163870865539
692	-6.41E-10	0.068914242275075
693	-6.87E-10	-0.000760028339878
694	-7.34E-10	-0.070434583520451
695	-7.84E-10	-0.140685061258375
696	-8.35E-10	-0.212044353223365
697	-8.87E-10	-0.284943388543963
698	-9.40E-10	-0.359622197140307
699	-9.97E-10	-0.436004731167497
700	-1.05E-09	-0.513545945812373
701	-1.11E-09	-0.591091153479324
702	-1.16E-09	-0.666833562265089
703	-1.21E-09	-0.738480861688894
704	-1.25E-09	-0.803678167657293
705	-1.29E-09	-0.86056400926518
706	-1.31E-09	-0.908190998346102
707	-1.33E-09	-0.946604357165771
708	-1.34E-09	-0.976602164434776
709	-1.34E-09	-0.999367271527332
710	-1.32E-09	-1.01614652874523
711	-1.31E-09	-1.02804810133968
712	-1.28E-09	-1.03594625910022
713	-1.24E-09	-1.04045471665313
714	-1.19E-09	-1.04193248825899
715	-1.14E-09	-1.04049722741213
716	-1.08E-09	-1.03603133753818
717	-1.01E-09	-1.02817587159243
718	-9.43E-10	-1.01631719875119
719	-8.74E-10	-0.999581150233064
720	-8.04E-10	-0.976859674144034
721	-7.38E-10	-0.946906035769349
722	-6.73E-10	-0.908537484716639
723	-6.12E-10	-0.860956006190577
724	-5.57E-10	-0.80411638237255
725	-5.04E-10	-0.738965935898963
726	-4.57E-10	-0.667366015429192
727	-4.11E-10	-0.591671360250067
728	-3.68E-10	-0.514174150308453
729	-3.24E-10	-0.436681082899738
730	-2.78E-10	-0.360346787503919
731	-2.28E-10	-0.28571627214986
732	-1.78E-10	-0.212865544989568
733	-1.23E-10	-0.141554508483421
734	-6.67E-11	-0.071352117280231
735	-1.04E-11	-0.001725306649534
736	4.70E-11	0.067901781079692
737	1.02E-10	0.138105030388335
738	1.58E-10	0.209417585888704
739	2.08E-10	0.282270623352738
740	2.55E-10	0.356904413171213
741	2.99E-10	0.433243144119607
742	3.39E-10	0.510741997882407
743	3.78E-10	0.588246482267217
744	4.12E-10	0.663949939199668
745	4.43E-10	0.735560106569488
746	4.71E-10	0.800722071560955
747	4.99E-10	0.857574308842577
748	5.25E-10	0.905169427023873
749	5.47E-10	0.943552761922816
750	5.69E-10	0.973522651956939
751	5.88E-10	0.996262349804209
752	6.04E-10	1.01301922885565
753	6.17E-10	1.02490208477313
754	6.27E-10	1.03278592694554
755	6.30E-10	1.03728534044221
756	6.23E-10	1.03876037445289
757	6.11E-10	1.03732991021405
758	5.88E-10	1.03287777861494
759	5.55E-10	1.02504664552135
760	5.12E-10	1.01322466247628
761	4.61E-10	0.996539619120325
762	3.99E-10	0.973885643431541
763	3.30E-10	0.94401849351309
764	2.56E-10	0.905758362895396
765	1.78E-10	0.85831080257756
766	9.85E-11	0.801634938985689
767	1.86E-11	0.736683288126288
768	-5.83E-11	0.665323171872137
769	-1.32E-10	0.589915907151661
770	-2.03E-10	0.512760688369566
771	-2.68E-10	0.435671604646291
772	-3.29E-10	0.359811125987225
773	-3.85E-10	0.28573271368707
774	-4.36E-10	0.213521666566836
775	-4.85E-10	0.142948291336752
776	-5.31E-10	0.073593391671408
777	-5.76E-10	0.004937541006649
778	-6.22E-10	-0.063579437225646
779	-6.66E-10	-0.132515656917609
780	-7.12E-10	-0.202384588606726
781	-7.57E-10	-0.273596155514143
782	-8.01E-10	-0.346368128286027
783	-8.48E-10	-0.420601181613447
784	-8.94E-10	-0.495725982222593
785	-9.34E-10	-0.57056208196466
786	-9.71E-10	-0.643274193552245
787	-1.00E-09	-0.71153653561247
788	-1.02E-09	-0.772953009522549
789	-1.04E-09	-0.825611122636209
790	-1.04E-09	-0.868502597261715
791	-1.04E-09	-0.901604087412874
792	-1.02E-09	-0.925640907132188
793	-9.97E-10	-0.941722541262803
794	-9.65E-10	-0.951024953082671
795	-9.29E-10	-0.9545902973249
796	-8.85E-10	-0.953233335360908
797	-8.37E-10	-0.947515901483203
798	-7.84E-10	-0.937755172917086
799	-7.30E-10	-0.924045063714328
800	-6.69E-10	-0.90628188319976
801	-6.09E-10	-0.884193292608552
802	-5.45E-10	-0.857375252279384
803	-4.81E-10	-0.825347188005616
804	-4.18E-10	-0.787640744612132
805	-3.53E-10	-0.743937655208396
806	-2.94E-10	-0.694257614199839
807	-2.38E-10	-0.639156857699928
808	-1.86E-10	-0.579840377699928
809	-1.45E-10	-0.51806863287508
810	-1.06E-10	-0.455824857943672
811	-7.75E-11	-0.394875642097931
812	-5.25E-11	-0.336443310512177
813	-3.19E-11	-0.281113585679126
814	-1.75E-11	-0.228937891483496
815	-7.39E-12	-0.179612375370304
816	2.05E-12	-0.132641187421686
817	1.24E-11	-0.087447671211411
818	1.95E-11	-0.043434685464672
819	2.69E-11	-8.71E-06
820	3.22E-11	0.043417272667737
821	3.64E-11	0.08743025442995
822	4.37E-11	0.132623763751777
823	5.12E-11	0.179594941582191
824	6.25E-11	0.228920443833557
825	7.09E-11	0.28109612008696
826	8.54E-11	0.336425822292738
827	9.83E-11	0.394858126500404
828	1.19E-10	0.455807310422721
829	1.44E-10	0.518051049327302
830	1.69E-10	0.579822755075685
831	2.03E-10	0.63913919424938
832	2.40E-10	0.694239909105388
833	2.79E-10	0.743919908260993
834	3.20E-10	0.787622955619148
835	3.64E-10	0.82532935638169
836	4.03E-10	0.857357376912826
837	4.42E-10	0.884175371682174
838	4.76E-10	0.906263914072163
839	5.04E-10	0.924027042975587
840	5.19E-10	0.937737096374334
841	5.24E-10	0.947497764190449
842	5.20E-10	0.953215131469059
843	5.03E-10	0.954572020094066
844	4.77E-10	0.951006594806231
845	4.42E-10	0.941704093285182
846	4.00E-10	0.925622359963518
847	3.52E-10	0.90158543098979
848	2.97E-10	0.868483821506626
849	2.43E-10	0.825592218278422
850	1.89E-10	0.772933968944423
851	1.36E-10	0.711517353877171
852	8.35E-11	0.643254868595248
853	3.40E-11	0.570542614572143
854	-1.61E-11	0.495706374900585
855	-6.39E-11	0.420581438125215
856	-1.10E-10	0.346348252410333
857	-1.54E-10	0.273576150792875
858	-1.99E-10	0.202364458062362
859	-2.47E-10	0.132495403149345
860	-2.94E-10	0.063559062467272
861	-3.46E-10	-0.004958034657924
862	-4.00E-10	-0.073614001761744
863	-4.59E-10	-0.142969015209506
864	-5.21E-10	-0.213542501012822
865	-5.88E-10	-0.285753654852687
866	-6.55E-10	-0.359832169394481
867	-7.30E-10	-0.435692745211473
868	-8.04E-10	-0.512781920665296
869	-8.82E-10	-0.589937225761301
870	-9.52E-10	-0.665344572154719
871	-1.02E-09	-0.736704767352208
872	-1.08E-09	-0.801656496993727
873	-1.13E-09	-0.858332442558982
874	-1.17E-09	-0.905780091171953
875	-1.20E-09	-0.944040318818517
876	-1.22E-09	-0.973907576144694
877	-1.23E-09	-0.996561670393405
878	-1.23E-09	-1.01324684377091
879	-1.21E-09	-1.02506896832705
880	-1.19E-09	-1.03290025427636
881	-1.17E-09	-1.03735255000902
882	-1.12E-09	-1.03878318965892
883	-1.07E-09	-1.0373083424989
884	-1.01E-09	-1.03280912766768
885	-9.45E-10	-1.02492549662956
886	-8.79E-10	-1.01304286519736
887	-8.07E-10	-0.996286225108096
888	-7.34E-10	-0.973546781826544
889	-6.63E-10	-0.943577162964098
890	-5.98E-10	-0.905194116091645
891	-5.35E-10	-0.857599301968757
892	-4.78E-10	-0.80074738253651
893	-4.26E-10	-0.735585745422713
894	-3.81E-10	-0.663975911575035
895	-3.40E-10	-0.588272789419448
896	-3.00E-10	-0.51076863810778
897	-2.58E-10	-0.43327011399177
898	-2.18E-10	-0.356931708706794
899	-1.71E-10	-0.282298240787496
900	-1.24E-10	-0.2094455220965
901	-6.75E-11	-0.138133282863254
902	-1.51E-11	-0.067930347383121
903	4.57E-11	0.001696429002955
904	1.04E-10	0.071322931443282
905	1.62E-10	0.141525018357003
906	2.18E-10	0.212835755299729
907	2.67E-10	0.285686188562149
908	3.18E-10	0.360316416601236
909	3.60E-10	0.436650431829551
910	4.00E-10	0.514143226697879
911	4.33E-10	0.591640171219062
912	4.64E-10	0.667334566675736
913	4.92E-10	0.738934230212618
914	5.14E-10	0.804084418077311
915	5.36E-10	0.860923776721824
916	5.57E-10	0.908504978539765
917	5.73E-10	0.946873237786023
918	5.84E-10	0.976826566652109
919	5.97E-10	0.999547714371249
920	6.11E-10	1.01628341510524
921	6.18E-10	1.02814172075927
922	6.19E-10	1.03599680027433
923	6.14E-10	1.04046228462373
924	6.02E-10	1.04189712086087
925	5.78E-10	1.04041890528129
926	5.46E-10	1.03590998368996
927	5.03E-10	1.0280113406237
928	4.50E-10	1.01610925979325
929	3.91E-10	0.999329469391351
930	3.19E-10	0.976563802055526
931	2.41E-10	0.946565405833616
932	1.61E-10	0.908151428594794
933	7.68E-11	0.86052379289538
934	-4.44E-12	0.803637279797684
935	-8.94E-11	0.738439283155992
936	-1.69E-10	0.66679128042463
937	-2.44E-10	0.591048162171424
938	-3.13E-10	0.513502243430312
939	-3.81E-10	0.435960318453478
940	-4.46E-10	0.359577075321473
941	-5.01E-10	0.284897558238861
942	-5.59E-10	0.211997813833302
943	-6.15E-10	0.140637811240347
944	-6.66E-10	0.070386621104921
945	-7.19E-10	0.000711352171716
946	-7.75E-10	-0.068963632228633
947	-8.31E-10	-0.139213972896475
948	-8.88E-10	-0.210572574704657
949	-9.44E-10	-0.283470390088631
950	-1.00E-09	-0.358147481433192
951	-1.06E-09	-0.434527836026884
952	-1.13E-09	-0.512066434197001
953	-1.18E-09	-0.589608584080873
954	-1.24E-09	-0.665347437602442
955	-1.29E-09	-0.736990559726846
956	-1.33E-09	-0.802182877541483
957	-1.37E-09	-0.85906269641993
958	-1.40E-09	-0.906682413862838
959	-1.42E-09	-0.945087083952953
960	-1.42E-09	-0.975074678653266
961	-1.43E-09	-0.997827999143873
962	-1.42E-09	-1.01459388695822
963	-1.40E-09	-1.02648052440165
964	-1.37E-09	-1.03436221040526
965	-1.34E-09	-1.0388526884443
966	-1.29E-09	-1.04031098854338
967	-1.23E-09	-1.03885475435986
968	-1.17E-09	-1.0343663452477
969	-1.09E-09	-1.02648673469945
970	-1.01E-09	-1.01460218361799
971	-9.29E-10	-0.997838398342056
972	-8.47E-10	-0.975087202488949
973	-7.67E-10	-0.94510176069865
974	-6.95E-10	-0.906699277435497
975	-6.24E-10	-0.859081784740448
976	-5.63E-10	-0.802204229654157
977	-5.09E-10	-0.737014212676862
978	-4.67E-10	-0.665373423753628
979	-4.29E-10	-0.589636930130726
980	-3.97E-10	-0.51209716210501
981	-3.63E-10	-0.434560964928656
982	-3.29E-10	-0.358183029653076
983	-2.96E-10	-0.283508376605897
984	-2.60E-10	-0.210613019593538
985	-2.18E-10	-0.139256896433096
986	-1.69E-10	-0.069009053362958
987	-1.21E-10	0.000663417680953
988	-6.94E-11	0.070336162240138
989	-2.02E-11	0.140584821889328
990	3.41E-11	0.211942292017449
991	8.43E-11	0.284839504830727
992	1.34E-10	0.359516493038645
993	1.77E-10	0.435897210927986
994	2.23E-10	0.513436614934883
995	2.60E-10	0.590980016659218
996	3.02E-10	0.666720620295467
997	3.36E-10	0.738366106403849
998	3.71E-10	0.803561576857643
999	4.03E-10	0.860445543602268
1000	4.35E-10	0.908070600716434
1001	4.66E-10	0.946481954913514
1002	4.95E-10	0.976477673143575
1003	5.20E-10	0.999240598984201
1004	5.47E-10	1.01601757783957
1005	5.68E-10	1.02791677230097
1006	5.86E-10	1.0358124506357
1007	5.92E-10	1.04031832633152
1008	5.96E-10	1.04179341195382
1009	5.85E-10	1.04035535768221
1010	5.63E-10	1.03588656112253
1011	5.35E-10	1.02802806647727
1012	4.95E-10	1.01616623141672
1013	4.46E-10	0.999426873730261
1014	3.88E-10	0.976701927532452
1015	3.22E-10	0.946744645644509
1016	2.48E-10	0.908372269731101
1017	1.74E-10	0.860786785112189
1018	9.97E-11	0.803942984827768
1019	2.72E-11	0.738788212850084
1020	-4.40E-11	0.667183845256696
1021	-1.13E-10	0.591484647638553
1022	-1.81E-10	0.513982819015891
1023	-2.41E-10	0.436485065860734
1024	-2.98E-10	0.3601460181157
1025	-3.55E-10	0.285510678599498
1026	-4.04E-10	0.212655048850084
1027	-4.58E-10	0.141339026246478
1028	-5.07E-10	0.071131564210816
1029	-5.55E-10	0.001499601406978
1030	-6.08E-10	-0.068132712731837
1031	-6.61E-10	-0.138341254154107
1032	-7.16E-10	-0.209659159644598
1033	-7.74E-10	-0.282517599003371
1034	-8.31E-10	-0.357156838058223
1035	-8.90E-10	-0.433501061982234
1036	-9.51E-10	-0.511005450804248
1037	-1.01E-09	-0.588515514812604
1038	-1.07E-09	-0.664224605683735
1039	-1.12E-09	-0.735840482375754
1040	-1.17E-09	-0.801008266024177
1041	-1.21E-09	-0.857866474902075
1042	-1.24E-09	-0.905467764099183
1043	-1.26E-09	-0.943857512557689
1044	-1.27E-09	-0.973834093538864
1045	-1.27E-09	-0.996580785527878
1046	-1.27E-09	-1.01334497986863
1047	-1.25E-09	-1.02523548431727
1048	-1.24E-09	-1.03312731663906
1049	-1.21E-09	-1.03763506908407
1050	-1.17E-09	-1.0391187998803
1051	-1.13E-09	-1.03769740475766
1052	-1.08E-09	-1.03325473753702
1053	-1.03E-09	-1.02543349667979
1054	-9.75E-10	-1.01362187506801
1055	-9.16E-10	-0.996947709829754
1056	-8.60E-10	-0.974305178351719
1057	-8.01E-10	-0.944450084118652
1058	-7.47E-10	-0.906202653775925
1059	-6.83E-10	-0.85876844911923
1060	-6.29E-10	-0.802106577785479
1061	-5.81E-10	-0.737169507676132
1062	-5.32E-10	-0.66582449540911
1063	-4.86E-10	-0.590432795909844
1064	-4.42E-10	-0.513293561929884
1065	-3.94E-10	-0.436220868981362
1066	-3.46E-10	-0.36037719779538
1067	-2.90E-10	-0.286316035432824
1068	-2.34E-10	-0.214122709888347
1069	-1.71E-10	-0.143567550693146
1070	-1.07E-10	-0.074231371114779
1071	-4.06E-11	-0.005594739104197
1072	2.76E-11	0.062902538339066
1073	9.46E-11	0.131818593742185
1074	1.60E-10	0.201666911940055
1075	2.17E-10	0.272857423078364
1076	2.71E-10	0.345607899568882
1077	3.24E-10	0.419819015471019
1078	3.65E-10	0.494921434875217
1079	4.06E-10	0.569734699241153
1080	4.34E-10	0.642423491363148
1081	4.61E-10	0.710661967062133
1082	4.77E-10	0.772053923398519
1083	4.92E-10	0.824686726451012
1084	4.98E-10	0.867551938371056
1085	5.01E-10	0.900626057382166
1086	5.00E-10	0.924634264224528
1087	5.01E-10	0.940685941456992
1088	4.94E-10	0.949956981936169
1089	4.90E-10	0.953489498627649
1090	4.82E-10	0.952098234205299
1091	4.73E-10	0.946345018564729
1092	4.56E-10	0.936547025645479
1093	4.41E-10	0.92279815144195
1094	4.24E-10	0.904994658999024
1095	4.00E-10	0.882864129399507
1096	3.71E-10	0.856002410483695
1097	3.37E-10	0.823928786726124
1098	3.03E-10	0.786174732672058
1099	2.62E-10	0.7424217774828
1100	2.18E-10	0.692689372298257
1101	1.68E-10	0.637533471658654
1102	1.21E-10	0.578158763555365
1103	7.33E-11	0.51632541259261
1104	2.49E-11	0.454016405768949
1105	-1.76E-11	0.39299815181268
1106	-6.06E-11	0.334492855740637
1107	-1.03E-10	0.279086152952774
1108	-1.42E-10	0.226829382016689
1109	-1.78E-10	0.177418583672369
1110	-2.15E-10	0.130357766458942
1111	-2.48E-10	0.08507009359544
1112	-2.85E-10	0.040958205129327
1113	-3.19E-10	-0.002571677268172
1114	-3.57E-10	-0.046106841834625
1115	-3.92E-10	-0.090234599110259
1116	-4.29E-10	-0.135548790728938
1117	-4.72E-10	-0.182646870037416
1118	-5.13E-10	-0.232105777768321
1119	-5.61E-10	-0.284421590180862
1120	-6.07E-10	-0.339898296085794
1121	-6.57E-10	-0.398484497566934
1122	-7.08E-10	-0.459594402824748
1123	-7.63E-10	-0.522005599598301
1124	-8.13E-10	-0.583951531387816
1125	-8.62E-10	-0.643449263501396
1126	-9.08E-10	-0.698738981989333
1127	-9.49E-10	-0.748616649080681
1128	-9.79E-10	-0.79252717446032
1129	-1.01E-09	-0.830452067645268
1130	-1.02E-09	-0.862710758789929
1131	-1.04E-09	-0.889772678503133
1132	-1.04E-09	-0.912119398058447
1133	-1.03E-09	-0.930155945010857
1134	-1.01E-09	-0.944155760936144
1135	-9.75E-10	-0.954223900764989
1136	-9.38E-10	-0.960268184694806
1137	-8.92E-10	-0.961973563578619
1138	-8.43E-10	-0.95878066701071
1139	-7.89E-10	-0.949877433108048
1140	-7.36E-10	-0.934224527864616
1141	-6.86E-10	-0.910648796224272
1142	-6.38E-10	-0.878043377638705
1143	-5.95E-10	-0.835685199236198
1144	-5.52E-10	-0.783599317854532
1145	-5.15E-10	-0.722795226902802
1146	-4.84E-10	-0.655186436608486
1147	-4.56E-10	-0.583170327401362
1148	-4.23E-10	-0.509074621896219
1149	-3.90E-10	-0.434737355056832
1150	-3.55E-10	-0.361342418318392
1151	-3.12E-10	-0.289463018469615
1152	-2.73E-10	-0.219202471298874
1153	-2.22E-10	-0.150346838637884
1154	-1.69E-10	-0.08248972043018
1155	-1.12E-10	-0.015120921552833
1156	-5.41E-11	0.052314354821264
1157	5.87E-12	0.120372552057899
1158	7.11E-11	0.189568727944102
1159	1.26E-10	0.260317159456906
1160	1.83E-10	0.332842405290874
1161	2.35E-10	0.407054214466513
1162	2.87E-10	0.482394605461405
1163	3.29E-10	0.557696927506485
1164	3.67E-10	0.631142664398067
1165	4.01E-10	0.700426884894191
1166	4.30E-10	0.763180061510497
1167	4.53E-10	0.817523637589736
1168	4.65E-10	0.862491487038934
1169	4.76E-10	0.898110288983742
1170	4.86E-10	0.925162033830251
1171	4.93E-10	0.944818094407901
1172	4.97E-10	0.958320435921488
1173	4.99E-10	0.966780978187935
1174	5.00E-10	0.97108876911554
1175	4.94E-10	0.971886364313473
1176	4.93E-10	0.969580071030796
1177	4.81E-10	0.96436050140712
1178	4.69E-10	0.956220826562907
1179	4.46E-10	0.944969418308264
1180	4.21E-10	0.930241594251878
1181	3.91E-10	0.911521335469685
1182	3.48E-10	0.888187647403506
1183	3.05E-10	0.859599807778168
1184	2.53E-10	0.825224442160549
1185	1.98E-10	0.78477719436459
1186	1.41E-10	0.738312068640417
1187	7.95E-11	0.686189725408497
1188	2.31E-11	0.628940623633388
1189	-3.81E-11	0.567149310673327
1190	-9.51E-11	0.501463124098018
1191	-1.51E-10	0.432665369213595
1192	-1.96E-10	0.361670907508098
1193	-2.41E-10	0.289406890686498
1194	-2.77E-10	0.216667073714273
1195	-3.09E-10	0.144031550101622
1196	-3.37E-10	0.071873674993737
1197	-3.61E-10	0.000426269504051
1198	-3.78E-10	-0.070127463916833
1199	-3.93E-10	-0.139559925282627
1200	-4.01E-10	-0.207515106390609
1201	-4.02E-10	-0.27345408289736
1202	-4.07E-10	-0.336665679195635
1203	-4.04E-10	-0.396382016818308
1204	-4.02E-10	-0.4519968962203
1205	-3.89E-10	-0.503286948259809
1206	-3.77E-10	-0.550454676549865
1207	-3.63E-10	-0.593880076907438
1208	-3.51E-10	-0.633691448298606
1209	-3.41E-10	-0.669443674611546
1210	-3.26E-10	-0.700126913986156
1211	-3.12E-10	-0.72446882875878
1212	-2.93E-10	-0.74128870298683
1213	-2.74E-10	-0.749691549879
1214	-2.56E-10	-0.749072494079715
1215	-2.32E-10	-0.739036002818306
1216	-2.14E-10	-0.719345097621089
1217	-1.92E-10	-0.689954564372401
1218	-1.74E-10	-0.651107898626829
1219	-1.55E-10	-0.603423661065756
1220	-1.45E-10	-0.547903062191609
1221	-1.33E-10	-0.485871523644495
1222	-1.31E-10	-0.418934720140557
1223	-1.19E-10	-0.348979921081045
1224	-1.23E-10	-0.278160514354473
1225	-1.15E-10	-0.208810704437325
1226	-1.04E-10	-0.143305977161561
1227	-1.07E-10	-0.083888985330448
1228	-1.04E-10	-0.03244110377942
1229	-9.89E-11	0.009798286965716
1230	-9.43E-11	0.042465960974124
1231	-8.49E-11	0.066109641516749
1232	-8.88E-11	0.081966426574393
1233	-7.99E-11	0.091596213598435
1234	-7.08E-11	0.096546213468992
1235	-6.83E-11	0.098148747893182
1236	-6.41E-11	0.097451865209108
1237	-6.33E-11	0.095233109349784
1238	-5.17E-11	0.092048045360196
1239	-4.75E-11	0.088284170395886
1240	-4.77E-11	0.084207459426373
1241	-4.50E-11	0.079998291522728
1242	-3.90E-11	0.075777603444025
1243	-3.81E-11	0.071625334326188
1244	-3.38E-11	0.067593219787629
1245	-3.31E-11	0.063713600605631
1246	-3.77E-11	0.060005476355553
1247	-2.94E-11	0.056478672745724
1248	-2.71E-11	0.05313672137043
1249	-2.39E-11	0.049978859559057
1250	-2.35E-11	0.047001426689812
1251	-2.32E-11	0.044198844210515
1252	-2.07E-11	0.041564306620716
1253	-1.99E-11	0.039090270282237
1254	-1.46E-11	0.036768799735594
1255	-1.59E-11	0.034591812826799
1256	-2.16E-11	0.032551253437969
1257	-1.97E-11	0.030639212037517
1258	-1.53E-11	0.028848008441956
1259	-1.39E-11	0.027170247028118
1260	-1.86E-11	0.025598851811919
1261	-1.17E-11	0.024127086793388
1262	-9.38E-12	0.022748565496762
1263	-1.23E-11	0.021457252649107
1264	-9.84E-12	0.020247460156823
1265	-1.17E-11	0.019113839009681
1266	-1.15E-11	0.018051368338288
1267	-8.37E-12	0.0170553425341
1268	-7.13E-12	0.016121357142798
1269	-8.43E-12	0.015245294044389
1270	-9.57E-12	0.014423306322969
1271	-1.25E-11	0.013651803116149
1272	-2.75E-12	0.012927434669177
1273	-1.04E-11	0.012247077747803
1274	-6.54E-12	0.011607821530152
1275	-5.70E-12	0.011006954053134
1276	-9.10E-12	0.010441949267542
1277	-1.01E-11	0.009910454728375
1278	-1.31E-11	0.009410279938659
1279	-7.00E-12	0.008939385345408
1280	-5.11E-12	0.008495871983402
1281	-1.41E-12	0.008077971746145
1282	-5.20E-12	0.007684038270567
1283	-6.74E-12	0.007312538408925
1284	-2.61E-12	0.006962044261132
1285	-5.58E-12	0.006631225742021
1286	-4.20E-12	0.006318843655485
1287	-6.93E-12	0.006023743244859
1288	-9.02E-12	0.005744848195845
1289	-1.60E-12	0.005481155059106
1290	-2.68E-12	0.005231728071117
1291	-1.03E-11	0.00499569434346
1292	1.03E-12	0.004772239398983
1293	-4.75E-12	0.004560603029662
1294	-7.54E-12	0.004360075454154
1295	-4.26E-12	0.004169993755335
1296	-4.25E-12	0.003989738576712
1297	-1.89E-12	0.003818731059374
1298	-4.42E-12	0.003656430002881
1299	-1.37E-12	0.003502329233545
1300	-3.78E-12	0.003355955164036
1301	-1.17E-12	0.003216864531934
1302	-9.22E-12	0.003084642302131
1303	-2.13E-12	0.00295889972287
1304	-4.76E-12	0.002839272522438
1305	-4.02E-12	0.002725419236328
1306	-6.46E-12	0.002617019656848
1307	-6.59E-12	0.002513773392604
1308	-5.11E-12	0.002415398533594
1309	6.06E-13	0.002321630411197
1310	-1.95E-12	0.002232220446614
1311	-3.03E-12	0.00214693508259
1312	9.42E-13	0.002065554789555
1313	1.32E-12	0.0019878731436
1314	-4.02E-12	0.001913695968702
1315	-5.99E-12	0.001842840539264
1316	-1.26E-12	0.001775134838723
1317	-6.85E-12	0.001710416869845
1318	-5.79E-12	0.001648534012791
1319	-4.00E-12	0.001589342427376
1320	-2.12E-12	0.001532706497016
1321	3.19E-12	0.001478498310161
1322	-7.85E-13	0.001426597177392
1323	-3.53E-12	0.00137688918143
1324	-6.52E-12	0.001329266757142
1325	3.97E-12	0.001283628300098
1326	4.12E-13	0.001239877801499
1327	-3.97E-12	0.00119792450654
1328	5.69E-12	0.001157682596785
1329	-1.21E-12	0.001119070892006
1330	-2.67E-12	0.001082012572954
1331	-6.30E-12	0.001046434921026
1332	2.38E-12	0.001012269075542
1333	-3.84E-12	0.000979449806772
1334	-1.78E-12	0.000947915303003
1335	-1.96E-12	0.000917606971745
1336	-1.14E-12	0.000888469253154
1337	-2.77E-12	0.000860449445604
1338	-1.81E-12	0.000833497542211
1339	5.65E-13	0.000807566077427
1340	-5.70E-12	0.000782609982898
1341	1.84E-13	0.000758586453219
1342	-3.26E-12	0.000735454819061
1343	-1.69E-12	0.000713176428092
1344	9.46E-13	0.000691714533983
1345	-3.41E-12	0.000671034191242
1346	-1.79E-12	0.000651102156792
1347	-4.10E-12	0.00063188679744
1348	-6.33E-12	0.000613358003006
1349	-1.52E-12	0.000595487104192
1350	-4.46E-12	0.000578246795791
1351	-1.40E-13	0.000561611063816
1352	-6.01E-12	0.000545555117864
1353	2.81E-12	0.000530055326292
1354	-4.83E-12	0.000515089155746
1355	-7.04E-12	0.000500635114201
1356	6.16E-12	0.000486672697141
1357	-3.86E-12	0.000473182336583
1358	-5.17E-12	0.000460145353431
1359	-1.05E-12	0.000447543912119
1360	-3.15E-12	0.000435360978177
1361	-6.87E-12	0.00042358027771
1362	3.79E-12	0.000412186259378
1363	-1.20E-12	0.000401164058769
1364	5.49E-13	0.000390499463833
1365	-1.46E-12	0.000380178883258
1366	1.75E-12	0.00037018931612
1367	-6.66E-12	0.000360518322834
1368	-6.71E-13	0.000351153997987
1369	-2.06E-12	0.000342084944907
1370	-3.94E-12	0.000333300251046
1371	6.95E-13	0.000324789464972
1372	-1.58E-12	0.000316542574551
1373	-5.78E-12	0.000308549986049
1374	-2.61E-12	0.000300802504756
1375	2.91E-13	0.000293291316352
1376	-1.14E-12	0.000286007968909
1377	-3.21E-12	0.000278944356461
1378	-2.00E-12	0.000272092703176
1379	-5.90E-13	0.000265445547922
1380	-2.03E-12	0.000258995730215
1381	4.14E-12	0.000252736376671
1382	-6.20E-12	0.000246660887755
1383	1.16E-12	0.00024076292579
1384	2.25E-12	0.000235036403293
1385	-3.40E-12	0.000229475471673
1386	-1.04E-11	0.000224074510875
1387	1.44E-12	0.000218828119318
1388	3.19E-12	0.000213731104173
1389	-1.16E-12	0.000208778472655
1390	1.97E-12	0.000203965422874
1391	-7.30E-12	0.00019928733604
1392	-2.77E-12	0.000194739768499
1393	3.15E-12	0.000190318444099
1394	1.07E-13	0.000186019247312
1395	-7.46E-12	0.00018183821624
1396	-8.32E-13	0.000177771536397
1397	-2.83E-12	0.000173815534408
1398	-1.06E-12	0.000169966671979
1399	-3.24E-12	0.000166221540623
1400	-2.46E-12	0.000162576856178
1401	4.82E-12	0.000159029453454
1402	-1.89E-12	0.000155576281893
1403	-4.31E-12	0.000152214400428
1404	-3.73E-12	0.000148940973225
1405	-8.78E-13	0.000145753265516
1406	-3.37E-12	0.000142648639491
1407	-9.69E-13	0.000139624550384
1408	-2.20E-12	0.000136678542857
1409	1.52E-12	0.000133808247371
1410	-5.48E-12	0.000131011376896
1411	-5.47E-12	0.000128285723556
1412	7.26E-12	0.000125629155799
1413	-2.85E-12	0.000123039615054
1414	6.50E-12	0.00012051511327
1415	-3.61E-13	0.00011805372988
1416	-2.17E-12	0.000115653609456
1417	8.83E-13	0.000113312959283
1418	-1.57E-12	0.000111030046619
1419	-3.68E-12	0.000108803196883
1420	-4.73E-12	0.000106630790822
1421	-3.23E-12	0.000104511263315
1422	1.21E-12	0.000102443100567
1423	-4.13E-12	0.000100424838577
1424	-3.24E-12	9.85E-05
1425	6.28E-12	9.65E-05
1426	-3.29E-12	9.47E-05
1427	-3.28E-12	9.28E-05
1428	-6.36E-12	9.10E-05
1429	2.41E-12	8.93E-05
1430	2.14E-12	8.76E-05
1431	-1.62E-12	8.59E-05
1432	-1.38E-12	8.43E-05
1433	-8.85E-12	8.27E-05
1434	3.52E-12	8.11E-05
1435	-1.14E-12	7.96E-05
1436	-9.97E-13	7.81E-05
1437	-1.13E-12	7.67E-05
1438	-2.15E-12	7.53E-05
1439	-4.69E-12	7.39E-05
1440	-2.60E-12	7.25E-05
1441	4.68E-12	7.12E-05
1442	-3.47E-12	6.99E-05
1443	-2.15E-13	6.87E-05
1444	-7.15E-13	6.74E-05
1445	-6.63E-13	6.62E-05
1446	-1.90E-12	6.50E-05
1447	3.26E-12	6.39E-05
1448	2.45E-12	6.27E-05
1449	-6.22E-12	6.16E-05
1450	-2.05E-12	6.05E-05
1451	-5.94E-12	5.95E-05
1452	-8.77E-12	5.84E-05
1453	-4.66E-12	5.74E-05
1454	2.33E-12	5.64E-05
1455	4.49E-12	5.55E-05
1456	1.22E-11	5.45E-05
1457	-4.10E-13	5.36E-05
1458	-7.94E-12	5.27E-05
1459	-2.07E-12	5.18E-05
1460	-1.71E-12	5.09E-05
1461	-3.46E-12	5.00E-05
1462	-3.96E-12	4.92E-05
1463	2.12E-13	4.84E-05
1464	-2.00E-12	4.76E-05
1465	-1.04E-12	4.68E-05
1466	9.47E-13	4.60E-05
1467	9.63E-12	4.52E-05
1468	-2.96E-12	4.45E-05
1469	-2.43E-13	4.38E-05
1470	1.22E-12	4.31E-05
1471	-1.06E-11	4.24E-05
1472	-2.14E-12	4.17E-05
1473	2.78E-12	4.10E-05
1474	-1.11E-12	4.03E-05
1475	5.05E-12	3.97E-05
1476	3.58E-12	3.91E-05
1477	3.59E-12	3.85E-05
1478	-4.39E-12	3.78E-05
1479	4.80E-12	3.72E-05
1480	-7.06E-12	3.67E-05
1481	-2.98E-14	3.61E-05
1482	-3.82E-13	3.55E-05
1483	2.12E-12	3.50E-05
1484	-6.84E-12	3.44E-05
1485	4.83E-13	3.39E-05
1486	-3.05E-13	3.34E-05
1487	-5.95E-13	3.29E-05
1488	1.33E-11	3.24E-05
1489	-2.16E-12	3.19E-05
1490	-1.04E-12	3.14E-05
1491	-4.96E-12	3.09E-05
1492	-2.68E-12	3.05E-05
1493	1.45E-12	3.00E-05
1494	1.88E-12	2.95E-05
1495	-2.25E-12	2.91E-05
1496	-2.69E-12	2.87E-05
1497	-2.70E-12	2.82E-05
1498	1.19E-12	2.78E-05
1499	-4.16E-14	2.74E-05
1500	2.25E-12	2.70E-05
1501	1.03E-12	2.66E-05
1502	-6.16E-12	2.62E-05
1503	2.46E-12	2.59E-05
1504	-4.48E-12	2.55E-05
1505	-7.08E-12	2.51E-05
1506	5.20E-12	2.48E-05
1507	-9.50E-14	2.44E-05
1508	1.20E-12	2.41E-05
1509	-3.59E-13	2.37E-05
1510	2.85E-12	2.34E-05
1511	-3.79E-12	2.30E-05
1512	2.75E-12	2.27E-05
